-20.0	0.0
-19.99	0.0
-19.98	0.0
-19.97	0.0
-19.96	0.0
-19.95	0.0
-19.94	0.0
-19.93	0.0
-19.92	0.0
-19.91	0.0
-19.9	0.0
-19.89	0.0
-19.88	0.0
-19.87	0.0
-19.86	0.0
-19.85	0.0
-19.84	0.0
-19.83	0.0
-19.82	0.0
-19.81	0.0
-19.8	0.0
-19.79	3.2774938279464095E-9
-19.78	7.275197473688804E-9
-19.77	1.1092929581836819E-8
-19.76	1.485103809079645E-8
-19.75	1.8531684920191115E-8
-19.74	2.2013687091108042E-8
-19.73	2.5449271724368235E-8
-19.72	2.8688060960436198E-8
-19.71	3.185328670547928E-8
-19.7	3.491834729040374E-8
-19.69	3.787909297051038E-8
-19.68	4.061117066938416E-8
-19.67	4.32909332637061E-8
-19.66	4.5814346855302636E-8
-19.65	4.81949547071921E-8
-19.64	5.044292112067677E-8
-19.63	5.253336317666273E-8
-19.62	5.449968277092262E-8
-19.61	5.6352850733041067E-8
-19.6	5.8047959620117004E-8
-19.59	5.960720213956229E-8
-19.58	6.094570511117657E-8
-19.57	6.225638325783969E-8
-19.56	6.333554807692337E-8
-19.55	6.426065434878057E-8
-19.54	6.510627763101784E-8
-19.53	6.58012457801762E-8
-19.52	6.629484516005481E-8
-19.51	6.671666162013635E-8
-19.5	6.694658731574963E-8
-19.49	6.70569224001919E-8
-19.48	6.70157686830314E-8
-19.47	6.684909481327192E-8
-19.46	6.65276620308247E-8
-19.45	6.61801065478145E-8
-19.44	6.55360685160341E-8
-19.43	6.481770813226355E-8
-19.42	6.394050719014906E-8
-19.41	6.30610763166034E-8
-19.4	6.193087507168862E-8
-19.39	6.072749272908627E-8
-19.38	5.94334709857594E-8
-19.37	5.7998163018326256E-8
-19.36	5.644617358630429E-8
-19.35	5.476638569335989E-8
-19.34	5.299169975824128E-8
-19.33	5.1135370182269446E-8
-19.32	4.9150927707907846E-8
-19.31	4.7078868803379005E-8
-19.3	4.491454797871858E-8
-19.29	4.2635559438434E-8
-19.28	4.034365502470125E-8
-19.27	3.791377422241795E-8
-19.26	3.5397707021557835E-8
-19.25	3.2823067072256986E-8
-19.24	3.0231007780302104E-8
-19.23	2.7484729104321832E-8
-19.22	2.4746168868807308E-8
-19.21	2.191470757944756E-8
-19.2	1.905570621502055E-8
-19.19	1.6117159381114447E-8
-19.18	1.315189872826481E-8
-19.17	1.0217589469837205E-8
-19.16	7.126391692668333E-9
-19.15	4.060733887398042E-9
-19.14	1.0335764021772378E-9
-19.13	0.0
-19.12	0.0
-19.11	0.0
-19.1	0.0
-19.09	0.0
-19.08	0.0
-19.07	0.0
-19.06	0.0
-19.05	0.0
-19.04	0.0
-19.03	0.0
-19.02	0.0
-19.01	0.0
-19.0	0.0
-18.99	0.0
-18.98	0.0
-18.97	0.0
-18.96	0.0
-18.95	0.0
-18.94	0.0
-18.93	0.0
-18.92	0.0
-18.91	0.0
-18.9	0.0
-18.89	0.0
-18.88	0.0
-18.87	0.0
-18.86	0.0
-18.85	0.0
-18.84	0.0
-18.83	0.0
-18.82	0.0
-18.81	0.0
-18.8	0.0
-18.79	0.0
-18.78	0.0
-18.77	0.0
-18.76	0.0
-18.75	0.0
-18.74	0.0
-18.73	0.0
-18.72	0.0
-18.71	0.0
-18.7	0.0
-18.69	0.0
-18.68	0.0
-18.67	0.0
-18.66	0.0
-18.65	0.0
-18.64	0.0
-18.63	0.0
-18.62	0.0
-18.61	0.0
-18.6	0.0
-18.59	0.0
-18.58	0.0
-18.57	0.0
-18.56	0.0
-18.55	0.0
-18.54	0.0
-18.53	0.0
-18.52	0.0
-18.51	0.0
-18.5	0.0
-18.49	0.0
-18.48	0.0
-18.47	0.0
-18.46	0.0
-18.45	0.0
-18.44	0.0
-18.43	0.0
-18.42	0.0
-18.41	0.0
-18.4	0.0
-18.39	0.0
-18.38	0.0
-18.37	0.0
-18.36	0.0
-18.35	0.0
-18.34	0.0
-18.33	0.0
-18.32	0.0
-18.31	0.0
-18.3	0.0
-18.29	0.0
-18.28	2.720434464851727E-9
-18.27	6.7487902008006114E-9
-18.26	1.0805986245706265E-8
-18.25	1.4875972465234982E-8
-18.24	1.9014083071892412E-8
-18.23	2.310762104468002E-8
-18.22	2.7227206975872636E-8
-18.21	3.1278398663826886E-8
-18.2	3.544685059613463E-8
-18.19	3.946371777316557E-8
-18.18	4.3597722393868324E-8
-18.17	4.764005932911625E-8
-18.16	5.1727918258951755E-8
-18.15	5.578929985509601E-8
-18.14	5.967189946089872E-8
-18.13	6.363841291113695E-8
-18.12	6.752444977873946E-8
-18.11	7.137077546295944E-8
-18.1	7.515460588200446E-8
-18.09	7.887658005794073E-8
-18.08	8.251623048076825E-8
-18.07	8.612934424141647E-8
-18.06	8.970128636320389E-8
-18.05	9.317054832590982E-8
-18.04	9.653107885193184E-8
-18.03	9.982311462072569E-8
-18.02	1.0295228257413643E-7
-18.01	1.0604644946222667E-7
-18.0	1.090681215491174E-7
-17.99	1.1191069600770944E-7
-17.98	1.1472634853617167E-7
-17.97	1.1742987098006136E-7
-17.96	1.1987442518927498E-7
-17.95	1.2224035758093767E-7
-17.94	1.2455463352998625E-7
-17.93	1.2678043368626356E-7
-17.92	1.288235176557705E-7
-17.91	1.3066330389333388E-7
-17.9	1.3238332883805755E-7
-17.89	1.3397584125230225E-7
-17.88	1.3546837099596926E-7
-17.87	1.368416542815362E-7
-17.86	1.379176672996722E-7
-17.85	1.3896233599298225E-7
-17.84	1.3985345370718636E-7
-17.83	1.405241412333561E-7
-17.82	1.4102086234495507E-7
-17.81	1.4140851033724727E-7
-17.8	1.4164598434793474E-7
-17.79	1.4167005416614684E-7
-17.78	1.4155337706908153E-7
-17.77	1.4128672873905457E-7
-17.76	1.4084190399102527E-7
-17.75	1.402138718384991E-7
-17.74	1.394509912247645E-7
-17.73	1.384156698520165E-7
-17.72	1.3731437739014454E-7
-17.71	1.3600693725402883E-7
-17.7	1.3447749762653428E-7
-17.69	1.328421026341113E-7
-17.68	1.3106272470557942E-7
-17.67	1.2906680771941977E-7
-17.66	1.269853586070745E-7
-17.65	1.246350264433034E-7
-17.64	1.2213015804492132E-7
-17.63	1.1946821470917392E-7
-17.62	1.1667152777285199E-7
-17.61	1.137022284198571E-7
-17.6	1.1055029965804914E-7
-17.59	1.0729246777486499E-7
-17.58	1.0386227888695579E-7
-17.57	1.0028220114977497E-7
-17.56	9.653827729768838E-8
-17.55	9.266706250360604E-8
-17.54	8.869195642597694E-8
-17.53	8.449181630290674E-8
-17.52	8.022317640606805E-8
-17.51	7.573931916074122E-8
-17.5	7.127670167552987E-8
-17.49	6.657390095337906E-8
-17.48	6.180083804185492E-8
-17.47	5.686399669978467E-8
-17.46	5.1919605934490496E-8
-17.45	4.6812468872870416E-8
-17.44	4.1594148201225186E-8
-17.43	3.624456048414764E-8
-17.42	3.0885787809241194E-8
-17.41	2.5433919559059846E-8
-17.4	1.9868327823331544E-8
-17.39	1.4237016661568981E-8
-17.38	8.599763141781389E-9
-17.37	2.8308401680332183E-9
-17.36	0.0
-17.35	0.0
-17.34	0.0
-17.33	0.0
-17.32	0.0
-17.31	0.0
-17.3	0.0
-17.29	0.0
-17.28	0.0
-17.27	0.0
-17.26	0.0
-17.25	0.0
-17.24	0.0
-17.23	0.0
-17.22	0.0
-17.21	0.0
-17.2	0.0
-17.19	0.0
-17.18	0.0
-17.17	0.0
-17.16	0.0
-17.15	0.0
-17.14	0.0
-17.13	0.0
-17.12	0.0
-17.11	0.0
-17.1	0.0
-17.09	0.0
-17.08	0.0
-17.07	0.0
-17.06	0.0
-17.05	0.0
-17.04	0.0
-17.03	0.0
-17.02	0.0
-17.01	0.0
-17.0	0.0
-16.99	0.0
-16.98	0.0
-16.97	0.0
-16.96	0.0
-16.95	0.0
-16.94	0.0
-16.93	0.0
-16.92	0.0
-16.91	0.0
-16.9	0.0
-16.89	0.0
-16.88	0.0
-16.87	0.0
-16.86	0.0
-16.85	0.0
-16.84	0.0
-16.83	0.0
-16.82	0.0
-16.81	0.0
-16.8	0.0
-16.79	0.0
-16.78	0.0
-16.77	0.0
-16.76	0.0
-16.75	0.0
-16.74	0.0
-16.73	0.0
-16.72	0.0
-16.71	0.0
-16.7	0.0
-16.69	0.0
-16.68	0.0
-16.67	0.0
-16.66	0.0
-16.65	0.0
-16.64	0.0
-16.63	0.0
-16.62	0.0
-16.61	0.0
-16.6	0.0
-16.59	0.0
-16.58	0.0
-16.57	0.0
-16.56	0.0
-16.55	0.0
-16.54	0.0
-16.53	0.0
-16.52	0.0
-16.51	0.0
-16.5	0.0
-16.49	0.0
-16.48	0.0
-16.47	0.0
-16.46	0.0
-16.45	0.0
-16.44	0.0
-16.43	0.0
-16.42	0.0
-16.41	6.1911785710261665E-9
-16.4	1.491198255205552E-8
-16.39	2.3789955395762922E-8
-16.38	3.2703622039564894E-8
-16.37	4.164139273608506E-8
-16.36	5.0576452924863504E-8
-16.35	5.9602999682092284E-8
-16.34	6.867569762921321E-8
-16.33	7.768436911556536E-8
-16.32	8.666296046326692E-8
-16.31	9.566073537309294E-8
-16.3	1.0468397259669017E-7
-16.29	1.1366036331808462E-7
-16.28	1.2252346844328434E-7
-16.27	1.3134823699658974E-7
-16.26	1.4018484010297568E-7
-16.25	1.4885868139688407E-7
-16.24	1.5751428455413606E-7
-16.23	1.6594102575871732E-7
-16.22	1.743477051801028E-7
-16.21	1.8276828036502138E-7
-16.2	1.9093305839547733E-7
-16.19	1.989398488714659E-7
-16.18	2.067963944930515E-7
-16.17	2.1455417145122643E-7
-16.16	2.2201355798651532E-7
-16.15	2.294613788479853E-7
-16.14	2.3657957140382603E-7
-16.13	2.4358472618838294E-7
-16.12	2.504744269562686E-7
-16.11	2.570997861122555E-7
-16.1	2.634652994852876E-7
-16.09	2.695521491819723E-7
-16.08	2.754598201641224E-7
-16.07	2.810870232535143E-7
-16.06	2.8648134301353284E-7
-16.05	2.9162579794769617E-7
-16.04	2.9648764112879035E-7
-16.03	3.009893298176773E-7
-16.02	3.0521076644328727E-7
-16.01	3.092835750201484E-7
-16.0	3.128572497909752E-7
-15.99	3.163265212467502E-7
-15.98	3.193020398890082E-7
-15.97	3.2203111695149604E-7
-15.96	3.2438634525875404E-7
-15.95	3.265161039038105E-7
-15.94	3.282367554015282E-7
-15.93	3.296128174263685E-7
-15.92	3.306779309176696E-7
-15.91	3.313075838669217E-7
-15.9	3.317250406145833E-7
-15.89	3.3164072199066384E-7
-15.88	3.31272589801276E-7
-15.87	3.305007294114448E-7
-15.86	3.2940403359335176E-7
-15.85	3.278349631364974E-7
-15.84	3.2602472655553444E-7
-15.83	3.237675574569365E-7
-15.82	3.211623400427036E-7
-15.81	3.1815872595161406E-7
-15.8	3.1475893902396416E-7
-15.79	3.110512744714397E-7
-15.78	3.069597937958571E-7
-15.77	3.0246686288827306E-7
-15.76	2.9762576867885027E-7
-15.75	2.924052448226537E-7
-15.74	2.8684272431408466E-7
-15.73	2.809125553522809E-7
-15.72	2.746140322646674E-7
-15.71	2.679831585093325E-7
-15.7	2.609599779482639E-7
-15.69	2.5366948708819637E-7
-15.68	2.459243530653063E-7
-15.67	2.3790810450857284E-7
-15.66	2.2954938887380344E-7
-15.65	2.2083660282637108E-7
-15.64	2.1188251249327514E-7
-15.63	2.0256166203586536E-7
-15.62	1.930069985696421E-7
-15.61	1.8309082371046008E-7
-15.6	1.7288773744832883E-7
-15.59	1.6241099690271355E-7
-15.58	1.5175283046731121E-7
-15.57	1.406952750805909E-7
-15.56	1.2948312576268316E-7
-15.55	1.1797199102732373E-7
-15.54	1.0622808886847525E-7
-15.53	9.434590888878634E-8
-15.52	8.219956851109502E-8
-15.51	6.984857066007427E-8
-15.5	5.734050866236946E-8
-15.49	4.469190853163174E-8
-15.48	3.183644710670044E-8
-15.47	1.8790772903537823E-8
-15.46	5.698352622992514E-9
-15.45	0.0
-15.44	0.0
-15.43	0.0
-15.42	0.0
-15.41	0.0
-15.4	0.0
-15.39	0.0
-15.38	0.0
-15.37	0.0
-15.36	0.0
-15.35	0.0
-15.34	0.0
-15.33	0.0
-15.32	0.0
-15.31	0.0
-15.3	0.0
-15.29	0.0
-15.28	0.0
-15.27	0.0
-15.26	0.0
-15.25	0.0
-15.24	0.0
-15.23	0.0
-15.22	0.0
-15.21	0.0
-15.2	0.0
-15.19	0.0
-15.18	0.0
-15.17	0.0
-15.16	0.0
-15.15	0.0
-15.14	0.0
-15.13	0.0
-15.12	0.0
-15.11	0.0
-15.1	0.0
-15.09	0.0
-15.08	0.0
-15.07	0.0
-15.06	0.0
-15.05	0.0
-15.04	0.0
-15.03	0.0
-15.02	0.0
-15.01	0.0
-15.0	0.0
-14.99	0.0
-14.98	0.0
-14.97	0.0
-14.96	0.0
-14.95	0.0
-14.94	0.0
-14.93	0.0
-14.92	0.0
-14.91	0.0
-14.9	0.0
-14.89	0.0
-14.88	0.0
-14.87	0.0
-14.86	0.0
-14.85	0.0
-14.84	0.0
-14.83	0.0
-14.82	0.0
-14.81	0.0
-14.8	0.0
-14.79	0.0
-14.78	0.0
-14.77	0.0
-14.76	0.0
-14.75	0.0
-14.74	0.0
-14.73	0.0
-14.72	0.0
-14.71	0.0
-14.7	0.0
-14.69	0.0
-14.68	0.0
-14.67	0.0
-14.66	0.0
-14.65	0.0
-14.64	0.0
-14.63	0.0
-14.62	0.0
-14.61	0.0
-14.6	0.0
-14.59	0.0
-14.58	0.0
-14.57	0.0
-14.56	0.0
-14.55	0.0
-14.54	0.0
-14.53	0.0
-14.52	0.0
-14.51	0.0
-14.5	0.0
-14.49	7.455509948038092E-9
-14.48	2.7877748257130866E-8
-14.47	4.839425609625944E-8
-14.46	6.909866040270543E-8
-14.45	8.992629061815698E-8
-14.44	1.1079088267633644E-7
-14.43	1.3179090102397535E-7
-14.42	1.5277207342496565E-7
-14.41	1.7383854937375536E-7
-14.4	1.9492173408118177E-7
-14.39	2.159025048248631E-7
-14.38	2.3686071483762872E-7
-14.37	2.577690130033002E-7
-14.36	2.7860355224973833E-7
-14.35	2.9930977524097815E-7
-14.34	3.1989521995285417E-7
-14.33	3.403286567204167E-7
-14.32	3.6052439785232274E-7
-14.31	3.805753272465527E-7
-14.3	4.00388186153704E-7
-14.29	4.1992892544802717E-7
-14.28	4.391776993574181E-7
-14.27	4.581579328034021E-7
-14.26	4.76880098456669E-7
-14.25	4.95152387944206E-7
-14.24	5.129263379227784E-7
-14.23	5.305029813718926E-7
-14.22	5.476210697818595E-7
-14.21	5.643375411947507E-7
-14.2	5.805710268776812E-7
-14.19	5.963305317546883E-7
-14.18	6.115523217531768E-7
-14.17	6.262658917536924E-7
-14.16	6.404987074955655E-7
-14.15	6.54003681804552E-7
-14.14	6.671255756862638E-7
-14.13	6.795885857170132E-7
-14.12	6.914275393204317E-7
-14.11	7.025335248628454E-7
-14.1	7.132227378352735E-7
-14.09	7.230072479999404E-7
-14.08	7.321409155189344E-7
-14.07	7.40566329421695E-7
-14.06	7.483716452666997E-7
-14.05	7.554076400265294E-7
-14.04	7.616138732655535E-7
-14.03	7.670511781590498E-7
-14.02	7.718737487421155E-7
-14.01	7.757361651310207E-7
-14.0	7.789223473462303E-7
-13.99	7.812675281004026E-7
-13.98	7.827026644910403E-7
-13.97	7.83367346732895E-7
-13.96	7.833441685394271E-7
-13.95	7.822990770825106E-7
-13.94	7.804307089215531E-7
-13.93	7.7769508201249E-7
-13.92	7.741350515319528E-7
-13.91	7.696999231151657E-7
-13.9	7.644906104607406E-7
-13.89	7.582782529846755E-7
-13.88	7.511985645095662E-7
-13.87	7.433516955146329E-7
-13.86	7.346380506190262E-7
-13.85	7.250299700032413E-7
-13.84	7.144689909155876E-7
-13.83	7.031097488259257E-7
-13.82	6.909369383014354E-7
-13.81	6.779360322762016E-7
-13.8	6.640442232683989E-7
-13.79	6.492379829264687E-7
-13.78	6.337386063538059E-7
-13.77	6.173334513927242E-7
-13.76	6.002117335637294E-7
-13.75	5.82309860279033E-7
-13.74	5.634915874193643E-7
-13.73	5.439710093822856E-7
-13.72	5.237163224675228E-7
-13.71	5.027184608055074E-7
-13.7	4.810202401848024E-7
-13.69	4.5852879307665233E-7
-13.68	4.354174704516129E-7
-13.67	4.1164239743546484E-7
-13.66	3.8720042870437925E-7
-13.65	3.62168086714455E-7
-13.64	3.364789907511474E-7
-13.63	3.1025852924122946E-7
-13.62	2.833748172644219E-7
-13.61	2.560366537740754E-7
-13.6	2.2816876117994849E-7
-13.59	1.9982330944387455E-7
-13.58	1.7104839337431385E-7
-13.57	1.418116362324628E-7
-13.56	1.1215399834551487E-7
-13.55	8.210880375489486E-8
-13.54	5.1799583723381896E-8
-13.53	2.1076873327524053E-8
-13.52	0.0
-13.51	0.0
-13.5	0.0
-13.49	0.0
-13.48	0.0
-13.47	0.0
-13.46	0.0
-13.45	0.0
-13.44	0.0
-13.43	0.0
-13.42	0.0
-13.41	0.0
-13.4	0.0
-13.39	0.0
-13.38	0.0
-13.37	0.0
-13.36	0.0
-13.35	0.0
-13.34	0.0
-13.33	0.0
-13.32	0.0
-13.31	0.0
-13.3	0.0
-13.29	0.0
-13.28	0.0
-13.27	0.0
-13.26	0.0
-13.25	0.0
-13.24	0.0
-13.23	0.0
-13.22	0.0
-13.21	0.0
-13.2	0.0
-13.19	0.0
-13.18	0.0
-13.17	0.0
-13.16	0.0
-13.15	0.0
-13.14	0.0
-13.13	0.0
-13.12	0.0
-13.11	0.0
-13.1	0.0
-13.09	0.0
-13.08	0.0
-13.07	0.0
-13.06	0.0
-13.05	0.0
-13.04	0.0
-13.03	0.0
-13.02	0.0
-13.01	0.0
-13.0	0.0
-12.99	0.0
-12.98	0.0
-12.97	0.0
-12.96	0.0
-12.95	0.0
-12.94	0.0
-12.93	0.0
-12.92	0.0
-12.91	0.0
-12.9	0.0
-12.89	0.0
-12.88	0.0
-12.87	0.0
-12.86	0.0
-12.85	0.0
-12.84	0.0
-12.83	0.0
-12.82	0.0
-12.81	0.0
-12.8	0.0
-12.79	0.0
-12.78	0.0
-12.77	0.0
-12.76	0.0
-12.75	0.0
-12.74	0.0
-12.73	0.0
-12.72	0.0
-12.71	0.0
-12.7	0.0
-12.69	0.0
-12.68	0.0
-12.67	0.0
-12.66	0.0
-12.65	0.0
-12.64	0.0
-12.63	0.0
-12.62	0.0
-12.61	0.0
-12.6	0.0
-12.59	0.0
-12.58	0.0
-12.57	0.0
-12.56	1.497087053407451E-8
-12.55	6.283439212764229E-8
-12.54	1.1114650000213308E-7
-12.53	1.598518954485925E-7
-12.52	2.0878790470274409E-7
-12.51	2.5788789347582994E-7
-12.5	3.0726117770418714E-7
-12.49	3.5678998478451175E-7
-12.48	4.0627695144373363E-7
-12.47	4.5588599904377517E-7
-12.46	5.054728219329143E-7
-12.45	5.549998445032648E-7
-12.44	6.042375841898967E-7
-12.43	6.534588022412446E-7
-12.42	7.022945073578939E-7
-12.41	7.509878444093519E-7
-12.4	7.992888733892059E-7
-12.39	8.471842554719785E-7
-12.38	8.946045133809989E-7
-12.37	9.413699724372474E-7
-12.36	9.877485919974061E-7
-12.35	1.0334840748437386E-6
-12.34	1.078500828046428E-6
-12.33	1.1227508376597139E-6
-12.32	1.166160473746649E-6
-12.31	1.2088001234665094E-6
-12.3	1.2506021412002458E-6
-12.29	1.2914078298952873E-6
-12.28	1.3311453983030387E-6
-12.27	1.370040245558277E-6
-12.26	1.4075455487765216E-6
-12.25	1.4441326926773518E-6
-12.24	1.4793968934793781E-6
-12.23	1.5134355219368839E-6
-12.22	1.5461454067484212E-6
-12.21	1.5775831922157755E-6
-12.2	1.6075210291581574E-6
-12.19	1.636239964921033E-6
-12.18	1.663224861564685E-6
-12.17	1.688784184012241E-6
-12.16	1.7128474453004311E-6
-12.15	1.7353002499712663E-6
-12.14	1.7560949989568E-6
-12.13	1.7752319613907324E-6
-12.12	1.792597906865617E-6
-12.11	1.808184509740254E-6
-12.1	1.8220672067573181E-6
-12.09	1.8341966121093222E-6
-12.08	1.844427093290125E-6
-12.07	1.8527877987217124E-6
-12.06	1.8592845262915633E-6
-12.05	1.8638942793554336E-6
-12.04	1.8664903046300142E-6
-12.03	1.867199364066242E-6
-12.02	1.8660003604988806E-6
-12.01	1.862686147094082E-6
-12.0	1.8574994992524497E-6
-11.99	1.8501525543640824E-6
-11.98	1.8409260564379424E-6
-11.97	1.8296260723539344E-6
-11.96	1.8162858295583387E-6
-11.95	1.800875145466994E-6
-11.94	1.7835082040919739E-6
-11.93	1.7640278131507765E-6
-11.92	1.7425673768515062E-6
-11.91	1.7190930722815654E-6
-11.9	1.693625617349834E-6
-11.89	1.6660403659352082E-6
-11.88	1.6365472160861497E-6
-11.87	1.6050019530225326E-6
-11.86	1.5715553157452447E-6
-11.85	1.5361275162565916E-6
-11.84	1.498843891124664E-6
-11.83	1.4595655259056306E-6
-11.82	1.4184450857891059E-6
-11.81	1.3754807371855842E-6
-11.8	1.330688470561195E-6
-11.79	1.2841170040759517E-6
-11.78	1.2358633292387525E-6
-11.77	1.1858065697977904E-6
-11.76	1.1341407925949795E-6
-11.75	1.0808021178407165E-6
-11.74	1.025890450510876E-6
-11.73	9.694171558525493E-7
-11.72	9.114803119240084E-7
-11.71	8.521131074050762E-7
-11.7	7.913042178799227E-7
-11.69	7.292189275386351E-7
-11.68	6.658283958749299E-7
-11.67	6.011814948744067E-7
-11.66	5.353579599242616E-7
-11.65	4.6847651589112406E-7
-11.64	4.005728819097542E-7
-11.63	3.316497661972933E-7
-11.62	2.6179838318391366E-7
-11.61	1.9115752366806422E-7
-11.6	1.1972360127351295E-7
-11.59	4.751637324711604E-8
-11.58	0.0
-11.57	0.0
-11.56	0.0
-11.55	0.0
-11.54	0.0
-11.53	0.0
-11.52	0.0
-11.51	0.0
-11.5	0.0
-11.49	0.0
-11.48	0.0
-11.47	0.0
-11.46	0.0
-11.45	0.0
-11.44	0.0
-11.43	0.0
-11.42	0.0
-11.41	0.0
-11.4	0.0
-11.39	0.0
-11.38	0.0
-11.37	0.0
-11.36	0.0
-11.35	0.0
-11.34	0.0
-11.33	0.0
-11.32	0.0
-11.31	0.0
-11.3	0.0
-11.29	0.0
-11.28	0.0
-11.27	0.0
-11.26	0.0
-11.25	0.0
-11.24	0.0
-11.23	0.0
-11.22	0.0
-11.21	0.0
-11.2	0.0
-11.19	0.0
-11.18	0.0
-11.17	0.0
-11.16	0.0
-11.15	0.0
-11.14	0.0
-11.13	0.0
-11.12	0.0
-11.11	0.0
-11.1	0.0
-11.09	0.0
-11.08	0.0
-11.07	0.0
-11.06	0.0
-11.05	0.0
-11.04	0.0
-11.03	0.0
-11.02	0.0
-11.01	0.0
-11.0	0.0
-10.99	0.0
-10.98	0.0
-10.97	0.0
-10.96	0.0
-10.95	0.0
-10.94	0.0
-10.93	0.0
-10.92	0.0
-10.91	0.0
-10.9	0.0
-10.89	0.0
-10.88	0.0
-10.87	0.0
-10.86	0.0
-10.85	0.0
-10.84	0.0
-10.83	0.0
-10.82	0.0
-10.81	0.0
-10.8	0.0
-10.79	0.0
-10.78	0.0
-10.77	0.0
-10.76	0.0
-10.75	0.0
-10.74	0.0
-10.73	0.0
-10.72	0.0
-10.71	0.0
-10.7	0.0
-10.69	0.0
-10.68	0.0
-10.67	0.0
-10.66	0.0
-10.65	0.0
-10.64	0.0
-10.63	7.463899085928246E-8
-10.62	1.8790471456967887E-7
-10.61	3.020332199417732E-7
-10.6	4.1714930394629945E-7
-10.59	5.329025609358165E-7
-10.58	6.493242763418208E-7
-10.57	7.661646581849954E-7
-10.56	8.835847914545981E-7
-10.55	1.0010667421416179E-6
-10.54	1.118808692277938E-6
-10.53	1.2364219486511571E-6
-10.52	1.354064242273784E-6
-10.51	1.4713681776559106E-6
-10.5	1.5883626811345732E-6
-10.49	1.7049209449102842E-6
-10.48	1.8207259832966732E-6
-10.47	1.9359168625394278E-6
-10.46	2.050146439034081E-6
-10.45	2.163411755134234E-6
-10.44	2.2754888346797287E-6
-10.43	2.3863652522563442E-6
-10.42	2.4958327247487212E-6
-10.41	2.603833006482145E-6
-10.4	2.70993439833795E-6
-10.39	2.8145107342467162E-6
-10.38	2.917140516995993E-6
-10.37	3.0176684164933032E-6
-10.36	3.1161254207797595E-6
-10.35	3.212268308134046E-6
-10.34	3.306036665976311E-6
-10.33	3.397253077089691E-6
-10.32	3.48585500968495E-6
-10.31	3.5717005868786957E-6
-10.3	3.654660453644814E-6
-10.29	3.7346537301677588E-6
-10.28	3.811541916745166E-6
-10.27	3.885236936047907E-6
-10.26	3.955709578723875E-6
-10.25	4.0226091816971526E-6
-10.24	4.086045750250497E-6
-10.23	4.145956245707336E-6
-10.22	4.202086490171832E-6
-10.21	4.2545410404880344E-6
-10.2	4.303052786715229E-6
-10.19	4.347510862343773E-6
-10.18	4.38802325586729E-6
-10.17	4.424420897335314E-6
-10.16	4.456596122949558E-6
-10.15	4.484550246037129E-6
-10.14	4.508051437815773E-6
-10.13	4.527332299670498E-6
-10.12	4.542080357698682E-6
-10.11	4.5523186375833865E-6
-10.1	4.55801175866453E-6
-10.09	4.559132079286735E-6
-10.08	4.555596770073039E-6
-10.07	4.547475384220288E-6
-10.06	4.534540596311873E-6
-10.05	4.5169223800912485E-6
-10.04	4.494604445482985E-6
-10.03	4.467495942992988E-6
-10.02	4.435629181632581E-6
-10.01	4.398973766672479E-6
-10.0	4.357615634626234E-6
-9.99	4.311418790806097E-6
-9.98	4.260491554598016E-6
-9.97	4.204796455593554E-6
-9.96	4.144415707461194E-6
-9.95	4.079312722591508E-6
-9.94	4.009577160005232E-6
-9.93	3.93519682047574E-6
-9.92	3.856283478310603E-6
-9.91	3.7727978774077997E-6
-9.9	3.6848496060263953E-6
-9.89	3.5924252096240142E-6
-9.88	3.4957701348664795E-6
-9.87	3.3947403490564637E-6
-9.86	3.2894348827569073E-6
-9.85	3.1800936415145733E-6
-9.84	3.0666248894566325E-6
-9.83	2.949262824089295E-6
-9.82	2.827956727505453E-6
-9.81	2.7029145152751762E-6
-9.8	2.5742804735107277E-6
-9.79	2.442045747497825E-6
-9.78	2.306370078640552E-6
-9.77	2.1673732695372553E-6
-9.76	2.0251276717482897E-6
-9.75	1.8798860678696618E-6
-9.74	1.7317175114635165E-6
-9.73	1.5807569726213113E-6
-9.72	1.4271252024070483E-6
-9.71	1.2709821257936382E-6
-9.7	1.1125095973569468E-6
-9.69	9.517598567555783E-7
-9.68	7.890123513103162E-7
-9.67	6.244015743058362E-7
-9.66	4.5808799664933125E-7
-9.65	2.902612252891205E-7
-9.64	1.209479028025809E-7
-9.63	0.0
-9.62	0.0
-9.61	0.0
-9.6	0.0
-9.59	0.0
-9.58	0.0
-9.57	0.0
-9.56	0.0
-9.55	0.0
-9.54	0.0
-9.53	0.0
-9.52	0.0
-9.51	0.0
-9.5	0.0
-9.49	0.0
-9.48	0.0
-9.47	0.0
-9.46	0.0
-9.45	0.0
-9.44	0.0
-9.43	0.0
-9.42	0.0
-9.41	0.0
-9.4	0.0
-9.39	0.0
-9.38	0.0
-9.37	0.0
-9.36	0.0
-9.35	0.0
-9.34	0.0
-9.33	0.0
-9.32	0.0
-9.31	0.0
-9.3	0.0
-9.29	0.0
-9.28	0.0
-9.27	0.0
-9.26	0.0
-9.25	0.0
-9.24	0.0
-9.23	0.0
-9.22	0.0
-9.21	0.0
-9.2	0.0
-9.19	0.0
-9.18	0.0
-9.17	0.0
-9.16	0.0
-9.15	0.0
-9.14	0.0
-9.13	0.0
-9.12	0.0
-9.11	0.0
-9.1	0.0
-9.09	0.0
-9.08	0.0
-9.07	0.0
-9.06	0.0
-9.05	0.0
-9.04	0.0
-9.03	0.0
-9.02	0.0
-9.01	0.0
-9.0	0.0
-8.99	0.0
-8.98	0.0
-8.97	0.0
-8.96	0.0
-8.95	0.0
-8.94	0.0
-8.93	0.0
-8.92	0.0
-8.91	0.0
-8.9	0.0
-8.89	0.0
-8.88	0.0
-8.87	0.0
-8.86	0.0
-8.85	0.0
-8.84	0.0
-8.83	0.0
-8.82	0.0
-8.81	0.0
-8.8	0.0
-8.79	0.0
-8.78	0.0
-8.77	0.0
-8.76	0.0
-8.75	0.0
-8.74	0.0
-8.73	0.0
-8.72	1.6286075095683977E-7
-8.71	4.2889328475946284E-7
-8.7	6.979848099526915E-7
-8.69	9.696821320982802E-7
-8.68	1.2439877546261074E-6
-8.67	1.5204306669647461E-6
-8.66	1.7987881242386633E-6
-8.65	2.078981388753023E-6
-8.64	2.3604086493435792E-6
-8.63	2.643024535768613E-6
-8.62	2.926530691697931E-6
-8.61	3.210538952250874E-6
-8.6	3.4947251956212197E-6
-8.59	3.7790492576669707E-6
-8.58	4.063011284826479E-6
-8.57	4.346358637515636E-6
-8.56	4.628751704749299E-6
-8.55	4.9099044203452664E-6
-8.54	5.189564296752634E-6
-8.53	5.46732981821713E-6
-8.52	5.743119291768847E-6
-8.51	6.016496440929105E-6
-8.5	6.287038822793077E-6
-8.49	6.554682992986838E-6
-8.48	6.818872690913769E-6
-8.47	7.079409172790946E-6
-8.46	7.336178498592974E-6
-8.45	7.588589691463904E-6
-8.44	7.83642175163983E-6
-8.43	8.079594898653535E-6
-8.42	8.317576787573194E-6
-8.41	8.550111091794597E-6
-8.4	8.776987908607233E-6
-8.39	8.99801140420052E-6
-8.38	9.212718499437375E-6
-8.37	9.420900510711624E-6
-8.36	9.62233829251353E-6
-8.35	9.81665578157659E-6
-8.34	1.0003823593690712E-5
-8.33	1.0183302515286928E-5
-8.32	1.0355161785634885E-5
-8.31	1.0518879958458364E-5
-8.3	1.0674386445732473E-5
-8.29	1.082134867427641E-5
-8.28	1.0959675995654567E-5
-8.27	1.1089122518383075E-5
-8.26	1.1209414256730616E-5
-8.25	1.1320307821816007E-5
-8.24	1.1421831819502075E-5
-8.23	1.1513671314862775E-5
-8.22	1.1595657846052826E-5
-8.21	1.166772364790154E-5
-8.2	1.1729526480872645E-5
-8.19	1.1781124407927876E-5
-8.18	1.1822292578698315E-5
-8.17	1.1852974561916115E-5
-8.16	1.1872978750502434E-5
-8.15	1.1882298678375365E-5
-8.14	1.1880692706547733E-5
-8.13	1.1868325311776036E-5
-8.12	1.1844981536043529E-5
-8.11	1.1810608087992708E-5
-8.1	1.176520985350997E-5
-8.09	1.1708661655761603E-5
-8.08	1.164102045500747E-5
-8.07	1.1562362108665212E-5
-8.06	1.1472526226537739E-5
-8.05	1.1371693888374817E-5
-8.04	1.1259727624050569E-5
-8.03	1.113680687155887E-5
-8.02	1.1002983542350119E-5
-8.01	1.0858290151784203E-5
-8.0	1.07027233965312E-5
-7.99	1.0536460378206007E-5
-7.98	1.035970005706803E-5
-7.97	1.0172373135126564E-5
-7.96	9.974753750433262E-6
-7.95	9.76693292582287E-6
-7.94	9.549041075890759E-6
-7.93	9.321294421822366E-6
-7.92	9.083856282941218E-6
-7.91	8.836939357457546E-6
-7.9	8.580622104185048E-6
-7.89	8.315317601468104E-6
-7.88	8.041234489188425E-6
-7.87	7.758403965106306E-6
-7.86	7.467360701457481E-6
-7.85	7.168188887977795E-6
-7.84	6.861195233624981E-6
-7.83	6.546680862091316E-6
-7.82	6.224896370618665E-6
-7.81	5.896309582052066E-6
-7.8	5.561072413386919E-6
-7.79	5.2195167930371305E-6
-7.78	4.872102497462911E-6
-7.77	4.519158980425648E-6
-7.76	4.16094768539711E-6
-7.75	3.797902408476168E-6
-7.74	3.430314763314716E-6
-7.73	3.0586696629271893E-6
-7.72	2.6833731588634017E-6
-7.71	2.304712928056873E-6
-7.7	1.923202634917185E-6
-7.69	1.5392123882107275E-6
-7.68	1.1532349814811755E-6
-7.67	7.656189026851448E-7
-7.66	3.76769838830715E-7
-7.65	0.0
-7.64	0.0
-7.63	0.0
-7.62	0.0
-7.61	0.0
-7.6	0.0
-7.59	0.0
-7.58	0.0
-7.57	0.0
-7.56	0.0
-7.55	0.0
-7.54	0.0
-7.53	0.0
-7.52	0.0
-7.51	0.0
-7.5	0.0
-7.49	0.0
-7.48	0.0
-7.47	0.0
-7.46	0.0
-7.45	0.0
-7.44	0.0
-7.43	0.0
-7.42	0.0
-7.41	0.0
-7.4	0.0
-7.39	0.0
-7.38	0.0
-7.37	0.0
-7.36	0.0
-7.35	0.0
-7.34	0.0
-7.33	0.0
-7.32	0.0
-7.31	0.0
-7.3	0.0
-7.29	0.0
-7.28	0.0
-7.27	0.0
-7.26	0.0
-7.25	0.0
-7.24	0.0
-7.23	0.0
-7.22	0.0
-7.21	0.0
-7.2	0.0
-7.19	0.0
-7.18	0.0
-7.17	0.0
-7.16	0.0
-7.15	0.0
-7.14	0.0
-7.13	0.0
-7.12	0.0
-7.11	0.0
-7.1	0.0
-7.09	0.0
-7.08	0.0
-7.07	0.0
-7.06	0.0
-7.05	0.0
-7.04	0.0
-7.03	0.0
-7.02	0.0
-7.01	0.0
-7.0	0.0
-6.99	0.0
-6.98	0.0
-6.97	0.0
-6.96	0.0
-6.95	0.0
-6.94	0.0
-6.93	0.0
-6.92	0.0
-6.91	0.0
-6.9	0.0
-6.89	0.0
-6.88	0.0
-6.87	0.0
-6.86	1.1753025955386761E-7
-6.85	7.14371243249964E-7
-6.84	1.3226677378662746E-6
-6.83	1.9420517271864988E-6
-6.82	2.5719831411417254E-6
-6.81	3.211830853144476E-6
-6.8	3.8612507344478145E-6
-6.79	4.519695573222732E-6
-6.78	5.186459884163369E-6
-6.77	5.861079207754908E-6
-6.76	6.543038465790316E-6
-6.75	7.231532863465751E-6
-6.74	7.92620539634316E-6
-6.73	8.626196308008228E-6
-6.72	9.331052568153428E-6
-6.71	1.0040124323020664E-5
-6.7	1.0752707433675377E-5
-6.69	1.1468180904839792E-5
-6.68	1.2185811734673704E-5
-6.67	1.2905011033351364E-5
-6.66	1.3625040905477274E-5
-6.65	1.4345307251477194E-5
-6.64	1.5064980745553033E-5
-6.63	1.5783474556038727E-5
-6.62	1.650005661511515E-5
-6.61	1.7214128724415934E-5
-6.6	1.7924806272410066E-5
-6.59	1.8631580694042383E-5
-6.58	1.933348143526022E-5
-6.57	2.0029972546726492E-5
-6.56	2.0720349154763988E-5
-6.55	2.1404030577752363E-5
-6.54	2.2080083823720817E-5
-6.53	2.2747842177996707E-5
-6.52	2.340671380318363E-5
-6.51	2.405594782979994E-5
-6.5	2.4694924763187184E-5
-6.49	2.532276950363901E-5
-6.48	2.593910173733144E-5
-6.47	2.6542949319519405E-5
-6.46	2.713389014981695E-5
-6.45	2.771119056172105E-5
-6.44	2.827419896952387E-5
-6.43	2.8822230105013697E-5
-6.42	2.9354853153767204E-5
-6.41	2.9871264717930826E-5
-6.4	3.0370982588252312E-5
-6.39	3.085338706411297E-5
-6.38	3.1317930413884424E-5
-6.37	3.176399659876553E-5
-6.36	3.2191179433571724E-5
-6.35	3.25990079964621E-5
-6.34	3.2986753743241926E-5
-6.33	3.335411853489008E-5
-6.32	3.3700572881251835E-5
-6.31	3.4025639837518926E-5
-6.3	3.432904794727932E-5
-6.29	3.46102814813529E-5
-6.28	3.486892499988185E-5
-6.27	3.510474756209045E-5
-6.26	3.5317310372800554E-5
-6.25	3.550635669504604E-5
-6.24	3.567152872056326E-5
-6.23	3.581275744153221E-5
-6.22	3.592957416979585E-5
-6.21	3.602182044866378E-5
-6.2	3.608943962044681E-5
-6.19	3.613223112371338E-5
-6.18	3.614991997949472E-5
-6.17	3.614252425247768E-5
-6.16	3.6109996296949044E-5
-6.15	3.605220002333911E-5
-6.14	3.5969097206246904E-5
-6.13	3.586079420164264E-5
-6.12	3.572724577902888E-5
-6.11	3.556856412894569E-5
-6.1	3.538485040165056E-5
-6.09	3.5176109934193344E-5
-6.08	3.494267464909375E-5
-6.07	3.468460622241197E-5
-6.06	3.44020928203603E-5
-6.05	3.4095486859558776E-5
-6.04	3.376493510385314E-5
-6.03	3.341081481635386E-5
-6.02	3.303340810764867E-5
-6.01	3.263318182936226E-5
-6.0	3.2210434128309566E-5
-5.99	3.1765518642364344E-5
-5.98	3.129899877022839E-5
-5.97	3.08113069855051E-5
-5.96	3.0302927964119997E-5
-5.95	2.9774420167741708E-5
-5.94	2.9226326310687077E-5
-5.93	2.8659207920781874E-5
-5.92	2.8073744627924476E-5
-5.91	2.7470605954105306E-5
-5.9	2.6850322633973085E-5
-5.89	2.6213707483065765E-5
-5.88	2.556139923577948E-5
-5.87	2.4894199117787162E-5
-5.86	2.421298761165263E-5
-5.85	2.351831442881809E-5
-5.84	2.2811063787108044E-5
-5.83	2.209227001418495E-5
-5.82	2.1362605890191923E-5
-5.81	2.0623002640749875E-5
-5.8	1.987433642903555E-5
-5.79	1.9117550166804993E-5
-5.78	1.8353573634193364E-5
-5.77	1.7583458451420806E-5
-5.76	1.68080793241459E-5
-5.75	1.6028419125926145E-5
-5.74	1.5245602750241929E-5
-5.73	1.4460519435068858E-5
-5.72	1.3674262275159537E-5
-5.71	1.2887870893371701E-5
-5.7	1.2102455743061537E-5
-5.69	1.131904192722058E-5
-5.68	1.053869158738063E-5
-5.67	9.76255665770269E-6
-5.66	8.991622497241253E-6
-5.65	8.227179089441718E-6
-5.64	7.470183847147024E-6
-5.63	6.721756425932112E-6
-5.62	5.983037117074596E-6
-5.61	5.255250496202795E-6
-5.6	4.539295228512001E-6
-5.59	3.836471088450261E-6
-5.58	3.147861402142448E-6
-5.57	2.47450721253361E-6
-5.56	1.8175063216949737E-6
-5.55	1.1780584180277614E-6
-5.54	5.571952386635076E-7
-5.53	0.0
-5.52	0.0
-5.51	0.0
-5.5	0.0
-5.49	0.0
-5.48	0.0
-5.47	0.0
-5.46	0.0
-5.45	0.0
-5.44	0.0
-5.43	0.0
-5.42	0.0
-5.41	0.0
-5.4	0.0
-5.39	0.0
-5.38	0.0
-5.37	0.0
-5.36	0.0
-5.35	0.0
-5.34	0.0
-5.33	0.0
-5.32	0.0
-5.31	0.0
-5.3	0.0
-5.29	0.0
-5.28	0.0
-5.27	0.0
-5.26	0.0
-5.25	0.0
-5.24	0.0
-5.23	0.0
-5.22	0.0
-5.21	0.0
-5.2	0.0
-5.19	0.0
-5.18	0.0
-5.17	0.0
-5.16	0.0
-5.15	6.849913768795175E-7
-5.14	1.4896430466821677E-6
-5.13	2.3383218888911933E-6
-5.12	3.2309291609280277E-6
-5.11	4.1672288328784325E-6
-5.1	5.147034456802149E-6
-5.09	6.170113631003521E-6
-5.08	7.236109499739817E-6
-5.07	8.34461124954219E-6
-5.06	9.495370325233305E-6
-5.05	1.0687762125055782E-5
-5.04	1.1921381617098824E-5
-5.03	1.3195736842398057E-5
-5.02	1.4510178200140796E-5
-5.01	1.586404296499543E-5
-5.0	1.7256813219955306E-5
-4.99	1.8687639253706816E-5
-4.98	2.0155819505318077E-5
-4.97	2.1660561573381024E-5
-4.96	2.320100274987311E-5
-4.95	2.4776272515115147E-5
-4.94	2.6385545979278846E-5
-4.93	2.8027720430764183E-5
-4.92	2.9701837335282002E-5
-4.91	3.140687489997339E-5
-4.9	3.314179328242905E-5
-4.89	3.4905426963606626E-5
-4.88	3.669666854368134E-5
-4.87	3.851424783329122E-5
-4.86	4.0357079894084045E-5
-4.85	4.222394604924018E-5
-4.84	4.411332691094905E-5
-4.83	4.602413487598314E-5
-4.82	4.795492295639482E-5
-4.81	4.990434787586932E-5
-4.8	5.187099044374179E-5
-4.79	5.385352036685122E-5
-4.78	5.585031785141064E-5
-4.77	5.786009590193982E-5
-4.76	5.988135391452762E-5
-4.75	6.191235059436398E-5
-4.74	6.395181434093827E-5
-4.73	6.59982354539986E-5
-4.72	6.804974915958124E-5
-4.71	7.010495421529607E-5
-4.7	7.216234754961894E-5
-4.69	7.422032335023273E-5
-4.68	7.627712388213764E-5
-4.67	7.833120128594312E-5
-4.66	8.038084816778653E-5
-4.65	8.24247349966121E-5
-4.64	8.446097653450682E-5
-4.63	8.648796908527756E-5
-4.62	8.850422481648138E-5
-4.61	9.050798293434723E-5
-4.6	9.249765929990802E-5
-4.59	9.447164839705259E-5
-4.58	9.642835524535915E-5
-4.57	9.836624976586023E-5
-4.56	1.0028370858477025E-4
-4.55	1.0217931043814295E-4
-4.54	1.0405118988099398E-4
-4.53	1.0589808076520268E-4
-4.52	1.0771840528407308E-4
-4.51	1.0951068918297123E-4
-4.5	1.1127339172458677E-4
-4.49	1.13005210922823E-4
-4.48	1.1470464385660218E-4
-4.47	1.1637032734063818E-4
-4.46	1.1800088806308399E-4
-4.45	1.1959515932820803E-4
-4.44	1.211517803446175E-4
-4.43	1.226692416310257E-4
-4.42	1.2414673741254617E-4
-4.41	1.2558290961116528E-4
-4.4	1.269767459829676E-4
-4.39	1.2832698553786844E-4
-4.38	1.2963281441748345E-4
-4.37	1.308930214633243E-4
-4.36	1.321067244659066E-4
-4.35	1.3327317197599515E-4
-4.34	1.343913552029378E-4
-4.33	1.3546053335692417E-4
-4.32	1.3648001712531448E-4
-4.31	1.3744904828683234E-4
-4.3	1.3836710650069964E-4
-4.29	1.3923350228579827E-4
-4.28	1.4004778531323208E-4
-4.27	1.408096092765352E-4
-4.26	1.415183896139875E-4
-4.25	1.4217393682979126E-4
-4.24	1.427759379682528E-4
-4.23	1.4332414630486922E-4
-4.22	1.4381856698855326E-4
-4.21	1.4425896339547844E-4
-4.2	1.4464550934711336E-4
-4.19	1.4497813171689537E-4
-4.18	1.4525692942257202E-4
-4.17	1.454822652887443E-4
-4.16	1.4565426532404583E-4
-4.15	1.4577332650758085E-4
-4.14	1.4583986659847198E-4
-4.13	1.4585433351275125E-4
-4.12	1.4581733795625442E-4
-4.11	1.4572942300783006E-4
-4.1	1.4559123587226457E-4
-4.09	1.454036025395052E-4
-4.08	1.4516730852142545E-4
-4.07	1.4488335420929804E-4
-4.06	1.445526105650845E-4
-4.05	1.4417617552610126E-4
-4.04	1.437550197849629E-4
-4.03	1.4329043305248473E-4
-4.02	1.4278366256140727E-4
-4.01	1.4223591659894358E-4
-4.0	1.4164864929354175E-4
-3.99	1.410232918100787E-4
-3.98	1.4036129852631308E-4
-3.97	1.396643366024353E-4
-3.96	1.3893397283335347E-4
-3.95	1.3817190889500963E-4
-3.94	1.3737986410776155E-4
-3.93	1.3655970953525647E-4
-3.92	1.3571320597253588E-4
-3.91	1.348424599319223E-4
-3.9	1.339493587056783E-4
-3.89	1.3303593995538215E-4
-3.88	1.3210427670940484E-4
-3.87	1.3115653729450726E-4
-3.86	1.3019491407943883E-4
-3.85	1.2922168524860452E-4
-3.84	1.2823900945831842E-4
-3.83	1.2724938506862097E-4
-3.82	1.262551115601666E-4
-3.81	1.2525853208555682E-4
-3.8	1.2426212132519244E-4
-3.79	1.2326841653038475E-4
-3.78	1.2227991932211985E-4
-3.77	1.212990981310947E-4
-3.76	1.2032861243395867E-4
-3.75	1.1937106971769922E-4
-3.74	1.1842907046372698E-4
-3.73	1.1750523022195961E-4
-3.72	1.1660223483673879E-4
-3.71	1.1572287104645515E-4
-3.7	1.1486970261672691E-4
-3.69	1.1404537051064618E-4
-3.68	1.1325281302506881E-4
-3.67	1.1249465010500954E-4
-3.66	1.1177351650571601E-4
-3.65	1.1109224339276132E-4
-3.64	1.1045356610882671E-4
-3.63	1.0986018642518147E-4
-3.62	1.0931483626603222E-4
-3.61	1.0882016240785491E-4
-3.6	1.0837884507321567E-4
-3.59	1.0799361652478418E-4
-3.58	1.0766712191876439E-4
-3.57	1.0740199176678266E-4
-3.56	1.0720091055885304E-4
-3.55	1.0706632323666406E-4
-3.54	1.0700080548200259E-4
-3.53	1.0700692222479958E-4
-3.52	1.070872365717955E-4
-3.51	1.0724403032457345E-4
-3.5	1.0747982585016681E-4
-3.49	1.0779696321463199E-4
-3.48	1.0819777028377674E-4
-3.47	1.0868444873867613E-4
-3.46	1.0925926684588812E-4
-3.45	1.0992429565288237E-4
-3.44	1.1068181735935748E-4
-3.43	1.1153368188476518E-4
-3.42	1.1248198410969418E-4
-3.41	1.1352858384979386E-4
-3.4	1.1467541642439775E-4
-3.39	1.1592415845174609E-4
-3.38	1.1727657840879947E-4
-3.37	1.1873431378869985E-4
-3.36	1.2029887656338692E-4
-3.35	1.21971679406833E-4
-3.34	1.237544083232904E-4
-3.33	1.2564803361723125E-4
-3.32	1.276539737043444E-4
-3.31	1.297733928666186E-4
-3.3	1.3200721266885034E-4
-3.29	1.3435652026917708E-4
-3.28	1.3682215043889183E-4
-3.27	1.3940487934694274E-4
-3.26	1.4210546657158476E-4
-3.25	1.4492442613916207E-4
-3.24	1.4786233887694938E-4
-3.23	1.509194918116358E-4
-3.22	1.5409620261972134E-4
-3.21	1.573928361006112E-4
-3.2	1.6080935538605266E-4
-3.19	1.6434571372096074E-4
-3.18	1.6800186730567382E-4
-3.17	1.7177769579108219E-4
-3.16	1.7567272616498232E-4
-3.15	1.7968664669344833E-4
-3.14	1.8381889129766624E-4
-3.13	1.8806890273438272E-4
-3.12	1.924358659617412E-4
-3.11	1.9691904179645046E-4
-3.1	2.0151744599048815E-4
-3.09	2.0623005089659934E-4
-3.08	2.1105570064518012E-4
-3.07	2.1599313255732283E-4
-3.06	2.2104105948655004E-4
-3.05	2.2619794879690964E-4
-3.04	2.314623592286643E-4
-3.03	2.3683248688607817E-4
-3.02	2.4230667466786887E-4
-3.01	2.478831901239899E-4
-3.0	2.535599004627618E-4
-2.99	2.593348456799459E-4
-2.98	2.652058456028522E-4
-2.97	2.711707330519544E-4
-2.96	2.7722721236261383E-4
-2.95	2.8337289448178866E-4
-2.94	2.8960523761655557E-4
-2.93	2.959216687770835E-4
-2.92	3.0231957277239115E-4
-2.91	3.087962576948063E-4
-2.9	3.1534873371031355E-4
-2.89	3.219743691938466E-4
-2.88	3.286700514717948E-4
-2.87	3.3543273677217163E-4
-2.86	3.422594564940248E-4
-2.85	3.491469751631123E-4
-2.84	3.560920719010397E-4
-2.83	3.630915932205117E-4
-2.82	3.701421040017458E-4
-2.81	3.7724015637714093E-4
-2.8	3.8438253477347323E-4
-2.79	3.9156570767061473E-4
-2.78	3.9878589532519573E-4
-2.77	4.0603998151124166E-4
-2.76	4.1332405948100895E-4
-2.75	4.206345626197409E-4
-2.74	4.2796796682389434E-4
-2.73	4.353207757664905E-4
-2.72	4.4268900865214743E-4
-2.71	4.5006900617356355E-4
-2.7	4.574571486658907E-4
-2.69	4.648499225044411E-4
-2.68	4.722432403581131E-4
-2.67	4.7963354674425673E-4
-2.66	4.87017216480682E-4
-2.65	4.943906532756219E-4
-2.64	5.017498686662273E-4
-2.63	5.090915877110985E-4
-2.62	5.164118834761676E-4
-2.61	5.237071605919335E-4
-2.6	5.309740348308594E-4
-2.59	5.382088484053902E-4
-2.58	5.45408086684266E-4
-2.57	5.525684302399938E-4
-2.56	5.596862970068002E-4
-2.55	5.667584277040522E-4
-2.54	5.737815919440656E-4
-2.53	5.807523864479847E-4
-2.52	5.876678121202213E-4
-2.51	5.945247630392567E-4
-2.5	6.013200954009772E-4
-2.49	6.080509155581174E-4
-2.48	6.14714426378465E-4
-2.47	6.21307830764827E-4
-2.46	6.278284333434207E-4
-2.45	6.342736804744793E-4
-2.44	6.406409991772221E-4
-2.43	6.469280681332537E-4
-2.42	6.5313262516303E-4
-2.41	6.592524457177496E-4
-2.4	6.652855221472482E-4
-2.39	6.712299126424794E-4
-2.38	6.770838079268735E-4
-2.37	6.828453700422054E-4
-2.36	6.885132226945262E-4
-2.35	6.940858682674252E-4
-2.34	6.995619254394022E-4
-2.33	7.049402915980866E-4
-2.32	7.102198850446723E-4
-2.31	7.153999428625449E-4
-2.3	7.204795875658109E-4
-2.29	7.2545824047984E-4
-2.28	7.303354027124062E-4
-2.27	7.35110911288332E-4
-2.26	7.397845140554934E-4
-2.25	7.443562370350682E-4
-2.24	7.488262422159828E-4
-2.23	7.531949785916085E-4
-2.22	7.574626707746076E-4
-2.21	7.616301429470216E-4
-2.2	7.656981565715594E-4
-2.19	7.696677201730109E-4
-2.18	7.735398934029175E-4
-2.17	7.773160068946643E-4
-2.16	7.809975831362686E-4
-2.15	7.845861085409945E-4
-2.14	7.880835862678326E-4
-2.13	7.914918015242254E-4
-2.12	7.948129330489328E-4
-2.11	7.980492985731248E-4
-2.1	8.012033249937729E-4
-2.09	8.042776672370693E-4
-2.08	8.072750798835605E-4
-2.07	8.101986337018457E-4
-2.06	8.130513398766617E-4
-2.05	8.158364494752213E-4
-2.04	8.185574184811442E-4
-2.03	8.212180332582719E-4
-2.02	8.238217551800481E-4
-2.01	8.263726430296643E-4
-2.0	8.288746743457628E-4
-1.99	8.313322243920333E-4
-1.98	8.337495027894653E-4
-1.97	8.361309962913518E-4
-1.96	8.38481474461167E-4
-1.95	8.408055923995993E-4
-1.94	8.431082806365327E-4
-1.93	8.453947246960022E-4
-1.92	8.476699985088538E-4
-1.91	8.499393066295004E-4
-1.9	8.522083568451899E-4
-1.89	8.544823675256061E-4
-1.88	8.56767287878126E-4
-1.87	8.59068688012987E-4
-1.86	8.613925549279046E-4
-1.85	8.637448166746512E-4
-1.84	8.661315064869856E-4
-1.83	8.685588160440058E-4
-1.82	8.710330610559471E-4
-1.81	8.735604913561293E-4
-1.8	8.761475759493568E-4
-1.79	8.788007250246319E-4
-1.78	8.815265144761909E-4
-1.77	8.8433150004251E-4
-1.76	8.87222391976576E-4
-1.75	8.902059084958086E-4
-1.74	8.932887651750951E-4
-1.73	8.964777280232524E-4
-1.72	8.997796123375796E-4
-1.71	9.032013037830933E-4
-1.7	9.06749628283871E-4
-1.69	9.104314521042116E-4
-1.68	9.142535725671381E-4
-1.67	9.182230681028099E-4
-1.66	9.223466394005197E-4
-1.65	9.26631163856474E-4
-1.64	9.3108342129019E-4
-1.63	9.357102823293523E-4
-1.62	9.405185379722579E-4
-1.61	9.455149575417323E-4
-1.6	9.507059906050739E-4
-1.59	9.560984672083468E-4
-1.58	9.616989614110969E-4
-1.57	9.675138866679763E-4
-1.56	9.735497088233264E-4
-1.55	9.79812724516762E-4
-1.54	9.863092359125667E-4
-1.53	9.930454145644987E-4
-1.52	0.0010000272317271298
-1.51	0.0010072607534557946
-1.5	0.0010147517284821985
-1.49	0.0010225058707364755
-1.48	0.0010305288515486013
-1.47	0.0010388260909306908
-1.46	0.0010474027857946763
-1.45	0.0010562641969910267
-1.44	0.0010654153993787455
-1.43	0.001074861095506787
-1.42	0.0010846060920769339
-1.41	0.0010946548809819638
-1.4	0.001105011674911808
-1.39	0.001115680771416112
-1.38	0.0011266661390692777
-1.37	0.0011379714375888174
-1.36	0.0011496002301975255
-1.35	0.0011615559914660916
-1.34	0.00117384181476201
-1.33	0.0011864606634868471
-1.32	0.0011994151980877458
-1.31	0.0012127079054545728
-1.3	0.001226341109261922
-1.29	0.0012403167698228563
-1.28	0.0012546367510746926
-1.27	0.001269302504216236
-1.26	0.0012843153641570603
-1.25	0.0012996763694472354
-1.24	0.0013153863031956205
-1.23	0.0013314457942034763
-1.22	0.001347854961384661
-1.21	0.0013646138350223193
-1.2	0.0013817222248557397
-1.19	0.0013991796714793096
-1.18	0.00141698519899857
-1.17	0.0014351378291629561
-1.16	0.0014536362180600463
-1.15	0.0014724788134344757
-1.14	0.001491663553384133
-1.13	0.001511188309769813
-1.12	0.0015310507140415854
-1.11	0.0015512479003356816
-1.1	0.0015717768139775724
-1.09	0.0015926343730626998
-1.08	0.0016138167617992627
-1.07	0.001635320050150568
-1.06	0.001657140281931785
-1.05	0.0016792729257389717
-1.04	0.001701713184587837
-1.03	0.0017244562808003319
-1.02	0.001747496567230705
-1.01	0.0017708289146290963
-1.0	0.001794447108518285
-0.99	0.0018183453351741446
-0.98	0.0018425170259881456
-0.97	0.0018669555607884246
-0.96	0.0018916540642621253
-0.95	0.0019166053505574592
-0.94	0.0019418020143081825
-0.93	0.001967236325576652
-0.92	0.0019929003870096506
-0.91	0.002018785992319215
-0.9	0.0020448845262436713
-0.89	0.0020711876411572206
-0.88	0.0020976861278856978
-0.87	0.0021243711075255227
-0.86	0.002151232901414645
-0.85	0.0021782623270757123
-0.84	0.002205448996497624
-0.83	0.002232783457792263
-0.82	0.0022602552231306824
-0.81	0.002287853851420242
-0.8	0.0023155687718987876
-0.79	0.002343389402198192
-0.78	0.002371304350184686
-0.77	0.002399302831308199
-0.76	0.002427373343331634
-0.75	0.0024555045932373918
-0.74	0.002483684652407116
-0.73	0.002511902011183943
-0.72	0.002540144704578693
-0.71	0.002568400733582517
-0.7	0.002596657854740641
-0.69	0.002624903942345594
-0.68	0.0026531265823743874
-0.67	0.0026813132928679567
-0.66	0.0027094514967155375
-0.65	0.0027375284617037307
-0.64	0.0027655318526911533
-0.63	0.002793448580675644
-0.62	0.0028212659184753894
-0.61	0.0028489710424616874
-0.6	0.0028765510348029875
-0.59	0.0029039929934041833
-0.58	0.002931283900536739
-0.57	0.0029584109590998567
-0.56	0.002985361054966405
-0.55	0.0030121214249088034
-0.54	0.0030386789595210273
-0.53	0.0030650209394831604
-0.52	0.0030911342872865996
-0.51	0.003117006433536882
-0.5	0.0031426244827088097
-0.49	0.0031679757572941297
-0.48	0.0031930477324530948
-0.47	0.003217827734017241
-0.46	0.0032423034298132195
-0.45	0.0032664624796471726
-0.44	0.003290292518603639
-0.43	0.003313781515700835
-0.42	0.0033369175934090177
-0.41	0.0033596887155348614
-0.4	0.0033820832630635
-0.39	0.0034040896492931708
-0.38	0.003425696520240258
-0.37	0.0034468926837382774
-0.36	0.003467667025739476
-0.35	0.003488008656444143
-0.34	0.0035079070366079794
-0.33	0.003527351625286091
-0.32	0.0035463321057706194
-0.31	0.0035648386407841795
-0.3	0.003582861319723239
-0.29	0.003600390540455859
-0.28	0.0036174168813942636
-0.27	0.003633931565018984
-0.26	0.0036499254731669688
-0.25	0.0036653901664121346
-0.24	0.0036803173110287676
-0.23	0.003694698839901248
-0.22	0.0037085270829803267
-0.21	0.0037217945406045304
-0.2	0.003734494053392126
-0.19	0.003746618669223731
-0.18	0.0037581618487675895
-0.17	0.00376911738493411
-0.16	0.003779479250599476
-0.15	0.0037892418841631715
-0.14	0.003798399831059482
-0.13	0.0038069481761383974
-0.12	0.003814882296899536
-0.11	0.003822197754696313
-0.1	0.003828890623614009
-0.09	0.0038349572513970143
-0.08	0.0038403941375403047
-0.07	0.0038451985141739193
-0.06	0.0038493676586863887
-0.05	0.0038528992291453996
-0.04	0.003855791447464813
-0.03	0.003858042498445822
-0.02	0.0038596513206701046
-0.01	0.0038606169238181317
0.0	0.0038609388939564084
0.01	0.0038606169084534365
0.02	0.003859651306314447
0.03	0.0038580424765930947
0.04	0.0038557913883097016
0.05	0.003852899242016172
0.06	0.0038493676548634454
0.07	0.0038451985477808595
0.08	0.0038403941197114318
0.09	0.0038349571930509107
0.1	0.0038288906529150716
0.11	0.003822197784475716
0.12	0.003814882300095111
0.13	0.003806948203379972
0.14	0.003798399843693947
0.15	0.0037892418822775865
0.16	0.0037794792454359264
0.17	0.0037691174279077403
0.18	0.003758161889187531
0.19	0.003746618636990042
0.2	0.00373449402283675
0.21	0.0037217945624184643
0.22	0.00370852708984462
0.23	0.0036946988676595928
0.24	0.0036803173370215858
0.25	0.003665390151420673
0.26	0.0036499254899058017
0.27	0.0036339315642391523
0.28	0.0036174169207314434
0.29	0.003600390532110889
0.3	0.0035828612879265365
0.31	0.0035648386802947917
0.32	0.0035463321636778323
0.33	0.0035273515664361248
0.34	0.003507907025855094
0.35	0.003488008622250976
0.36	0.0034676669916429348
0.37	0.0034468926576113534
0.38	0.0034256965488732886
0.39	0.0034040897026974106
0.4	0.0033820832771882105
0.41	0.0033596887167726096
0.42	0.0033369175921149686
0.43	0.0033137815898303937
0.44	0.0032902925454615733
0.45	0.0032664624731112194
0.46	0.0032423034694642845
0.47	0.00321782778773234
0.48	0.0031930477373079197
0.49	0.003167975787679146
0.5	0.0031426245189719545
0.51	0.0031170064070527278
0.52	0.003091134282523742
0.53	0.0030650208627437574
0.54	0.0030386789117820673
0.55	0.003012121373771494
0.56	0.002985361068171301
0.57	0.0029584109573799616
0.58	0.0029312839810951116
0.59	0.0029039930027120165
0.6	0.002876551041364198
0.61	0.0028489710089483256
0.62	0.002821265942251451
0.63	0.0027934485760997933
0.64	0.0027655318233561917
0.65	0.0027375285510303766
0.66	0.0027094514703428388
0.67	0.002681313290674491
0.68	0.002653126587181228
0.69	0.002624903982709389
0.7	0.0025966578859501735
0.71	0.0025684007729933553
0.72	0.0025401446876020923
0.73	0.002511901987024253
0.74	0.0024836846244804013
0.75	0.0024555044963289743
0.76	0.0024273733592328982
0.77	0.002399302827937126
0.78	0.0023713043761407703
0.79	0.0023433893567816524
0.8	0.002315568803881142
0.81	0.0022878539104416425
0.82	0.002260255226350323
0.83	0.0022327834867718463
0.84	0.002205449050198229
0.85	0.0021782622204570903
0.86	0.002151232974610568
0.87	0.0021243711001770506
0.88	0.0020976861824533073
0.89	0.002071187588093245
0.9	0.002044884575566875
0.91	0.002018785902177668
0.92	0.0019929003859824276
0.93	0.0019672363710595935
0.94	0.0019418020685362466
0.95	0.0019166054135829878
0.96	0.0018916540437299977
0.97	0.0018669554834392233
0.98	0.001842516952526877
0.99	0.0018183452925445113
1.0	0.001794447100491073
1.01	0.0017708289309472606
1.02	0.0017474966489574675
1.03	0.0017244562436505998
1.04	0.0017017132603875753
1.05	0.0016792729732477282
1.06	0.0016571402644193541
1.07	0.001635320031050371
1.08	0.0016138166175122437
1.09	0.001592634318438718
1.1	0.0015717768118821557
1.11	0.0015512478531124168
1.12	0.0015310508030939418
1.13	0.0015111882783089615
1.14	0.0014916634545405832
1.15	0.0014724787921403186
1.16	0.0014536362204990326
1.17	0.0014351379178627304
1.18	0.0014169852188213562
1.19	0.0013991796773835615
1.2	0.001381722309564972
1.21	0.0013646138609126359
1.22	0.0013478548479515654
1.23	0.001331445739825944
1.24	0.001315386359767333
1.25	0.0012996763656986374
1.26	0.001284315337914766
1.27	0.001269302566920344
1.28	0.0012546367878675019
1.29	0.0012403167730775596
1.3	0.0012263411584483846
1.31	0.0012127079323164065
1.32	0.001199415195425311
1.33	0.0011864606730886188
1.34	0.0011738418199398872
1.35	0.001161556032249241
1.36	0.0011496002413648653
1.37	0.001137971408580314
1.38	0.0011266661210394579
1.39	0.0011156807708685211
1.4	0.0011050117173501696
1.41	0.0010946548149237656
1.42	0.001084606107880733
1.43	0.0010748611100460939
1.44	0.0010654154101670105
1.45	0.0010562642041747035
1.46	0.001047402781484001
1.47	0.0010388260084622227
1.48	0.0010305288834251626
1.49	0.001022505900814514
1.5	0.0010147517140483807
1.51	0.0010072607053825775
1.52	0.001000027244846358
1.53	9.930453994860184E-4
1.54	9.863092469089244E-4
1.55	9.798126981425941E-4
1.56	9.7354969703261E-4
1.57	9.67513888820941E-4
1.58	9.616989385505893E-4
1.59	9.560985555589121E-4
1.6	9.507059534618445E-4
1.61	9.45514914040564E-4
1.62	9.405185520112497E-4
1.63	9.357102672990519E-4
1.64	9.310834113343024E-4
1.65	9.266311107757945E-4
1.66	9.223465852857224E-4
1.67	9.18223052835646E-4
1.68	9.142535569074031E-4
1.69	9.10431466261379E-4
1.7	9.067496064433964E-4
1.71	9.032012758141193E-4
1.72	8.997796504319766E-4
1.73	8.964776999167247E-4
1.74	8.932887629837586E-4
1.75	8.902059100945853E-4
1.76	8.872224424089659E-4
1.77	8.843315022043204E-4
1.78	8.815264464824521E-4
1.79	8.788007270841176E-4
1.8	8.761475956539371E-4
1.81	8.735604916858631E-4
1.82	8.710330525745064E-4
1.83	8.685587953421204E-4
1.84	8.661315018623572E-4
1.85	8.637447666070805E-4
1.86	8.613925248886572E-4
1.87	8.590687158488983E-4
1.88	8.567672704618993E-4
1.89	8.544824179614307E-4
1.9	8.52208321769892E-4
1.91	8.499393571548625E-4
1.92	8.476700237843418E-4
1.93	8.453947120153201E-4
1.94	8.431083291126319E-4
1.95	8.408056037780364E-4
1.96	8.384814522860019E-4
1.97	8.361310117168178E-4
1.98	8.337494963641606E-4
1.99	8.313322082604273E-4
2.0	8.288746929941789E-4
2.01	8.263726344731029E-4
2.02	8.238217010956316E-4
2.03	8.212180316593273E-4
2.04	8.185574600728799E-4
2.05	8.158364983457935E-4
2.06	8.130512715173129E-4
2.07	8.101986051575714E-4
2.08	8.072750888992654E-4
2.09	8.042777026406015E-4
2.1	8.012033548747344E-4
2.11	7.980492983792983E-4
2.12	7.94812920329238E-4
2.13	7.914917856146921E-4
2.14	7.88083578843536E-4
2.15	7.84586078145347E-4
2.16	7.80997567613348E-4
2.17	7.773160473764068E-4
2.18	7.73539869276689E-4
2.19	7.696677292611935E-4
2.2	7.656981209064408E-4
2.21	7.616301594833329E-4
2.22	7.574626993986141E-4
2.23	7.531949565623298E-4
2.24	7.488262915996749E-4
2.25	7.443562863616816E-4
2.26	7.397844979559855E-4
2.27	7.351108855451857E-4
2.28	7.303353886335742E-4
2.29	7.254581443081161E-4
2.3	7.204795803484668E-4
2.31	7.153999274466357E-4
2.32	7.102198698279314E-4
2.33	7.049403491689709E-4
2.34	6.995619666019685E-4
2.35	6.94085865431671E-4
2.36	6.885132334922264E-4
2.37	6.82845401747814E-4
2.38	6.77083782395575E-4
2.39	6.712299201834378E-4
2.4	6.652855201195686E-4
2.41	6.592524896137733E-4
2.42	6.531326050793031E-4
2.43	6.469280692673158E-4
2.44	6.406410096953635E-4
2.45	6.342737077829051E-4
2.46	6.278284276132636E-4
2.47	6.213078302890823E-4
2.48	6.147144512503093E-4
2.49	6.080509065857346E-4
2.5	6.013200358930377E-4
2.51	5.94524718268371E-4
2.52	5.876678067277732E-4
2.53	5.807524198826662E-4
2.54	5.737815759514836E-4
2.55	5.667584120324889E-4
2.56	5.596863697643763E-4
2.57	5.525683931606929E-4
2.58	5.454081222943736E-4
2.59	5.382088492623676E-4
2.6	5.309740675566296E-4
2.61	5.23707180633769E-4
2.62	5.16411850778525E-4
2.63	5.090915367981732E-4
2.64	5.017499517577578E-4
2.65	4.943906155914375E-4
2.66	4.870172780542702E-4
2.67	4.796335304788024E-4
2.68	4.7224310044990996E-4
2.69	4.648498094920154E-4
2.7	4.5745720206091274E-4
2.71	4.500690001672119E-4
2.72	4.4268886220455856E-4
2.73	4.353207334301151E-4
2.74	4.279680500342209E-4
2.75	4.2063458216390755E-4
2.76	4.1332404698870456E-4
2.77	4.060398759290291E-4
2.78	3.9878598007660854E-4
2.79	3.9156561218401547E-4
2.8	3.843825014933936E-4
2.81	3.772402748673956E-4
2.82	3.701420671588581E-4
2.83	3.630915463050574E-4
2.84	3.560922037486198E-4
2.85	3.49147021246683E-4
2.86	3.422594686752123E-4
2.87	3.354327659915543E-4
2.88	3.286700849469734E-4
2.89	3.2197437832308737E-4
2.9	3.153487607123563E-4
2.91	3.08796240312519E-4
2.92	3.0231960415855874E-4
2.93	2.959217293302604E-4
2.94	2.896052413738392E-4
2.95	2.8337284541555223E-4
2.96	2.772272477430841E-4
2.97	2.711707649746441E-4
2.98	2.6520587849832565E-4
2.99	2.593349038210006E-4
3.0	2.535598971098503E-4
3.01	2.478831011381423E-4
3.02	2.4230679136437363E-4
3.03	2.3683254681840617E-4
3.04	2.3146231452805742E-4
3.05	2.2619796672598868E-4
3.06	2.210411030918369E-4
3.07	2.1599318606146654E-4
3.08	2.1105574256479148E-4
3.09	2.0623004047786724E-4
3.1	2.015175115379024E-4
3.11	1.9691909094008434E-4
3.12	1.9243594676932626E-4
3.13	1.8806891340211962E-4
3.14	1.838188699215337E-4
3.15	1.796866480449938E-4
3.16	1.7567272686194168E-4
3.17	1.7177760443457058E-4
3.18	1.6800192357272742E-4
3.19	1.6434574828392496E-4
3.2	1.6080931815605086E-4
3.21	1.573928005996293E-4
3.22	1.54096288347514E-4
3.23	1.509195047480656E-4
3.24	1.478622939714653E-4
3.25	1.449243900192984E-4
3.26	1.4210553160077063E-4
3.27	1.3940493458954736E-4
3.28	1.3682218936801073E-4
3.29	1.3435654745567858E-4
3.3	1.3200716718235998E-4
3.31	1.29773326010688E-4
3.32	1.276539611352337E-4
3.33	1.2564803555656593E-4
3.34	1.2375433721783827E-4
3.35	1.2197174273773415E-4
3.36	1.2029885923944584E-4
3.37	1.1873429240485675E-4
3.38	1.1727659901498064E-4
3.39	1.159241333910768E-4
3.4	1.1467540941472393E-4
3.41	1.1352856775949235E-4
3.42	1.1248197571521987E-4
3.43	1.1153369644783035E-4
3.44	1.1068175356512342E-4
3.45	1.099242839631396E-4
3.46	1.0925923190532389E-4
3.47	1.0868443171430904E-4
3.48	1.0819774866181415E-4
3.49	1.0779702103961655E-4
3.5	1.0747988361247847E-4
3.51	1.0724408659823193E-4
3.52	1.0708723537106029E-4
3.53	1.0700698269933271E-4
3.54	1.0700078619704406E-4
3.55	1.0706631444554542E-4
3.56	1.072008728213776E-4
3.57	1.0740203566472816E-4
3.58	1.0766716242027268E-4
3.59	1.0799359496915553E-4
3.6	1.0837883726001009E-4
3.61	1.0882014219574569E-4
3.62	1.0931478843100549E-4
3.63	1.098601720471939E-4
3.64	1.104535609506248E-4
3.65	1.1109223899103658E-4
3.66	1.1177345587132177E-4
3.67	1.1249459073064497E-4
3.68	1.132527612207242E-4
3.69	1.1404536775137269E-4
3.7	1.1486962142293388E-4
3.71	1.1572281010826911E-4
3.72	1.1660228228268774E-4
3.73	1.1750524084476543E-4
3.74	1.1842911596868649E-4
3.75	1.1937110035512104E-4
3.76	1.2032864093894225E-4
3.77	1.2129906829964256E-4
3.78	1.2227989515859873E-4
3.79	1.2326837603348611E-4
3.8	1.242621506685927E-4
3.81	1.2525853485094738E-4
3.82	1.2625513670150407E-4
3.83	1.272494306508312E-4
3.84	1.2823908071958332E-4
3.85	1.292217157190073E-4
3.86	1.3019498370016425E-4
3.87	1.3115662201719838E-4
3.88	1.3210427879891892E-4
3.89	1.330359567306846E-4
3.9	1.3394936694332275E-4
3.91	1.348424883850479E-4
3.92	1.3571323632371497E-4
3.93	1.3655969015224744E-4
3.94	1.3737981609506184E-4
3.95	1.3817185434761279E-4
3.96	1.389339533698845E-4
3.97	1.3966433414715825E-4
3.98	1.403613655467456E-4
3.99	1.410232975203336E-4
4.0	1.4164861814754473E-4
4.01	1.4223587947142553E-4
4.02	1.427836139848086E-4
4.03	1.4329043000482934E-4
4.04	1.4375500818402173E-4
4.05	1.4417615765834423E-4
4.06	1.4455260540085357E-4
4.07	1.4488338614767964E-4
4.08	1.4516730644896852E-4
4.09	1.454036491884438E-4
4.1	1.455912311354766E-4
4.11	1.4572940325030615E-4
4.12	1.4581723572269634E-4
4.13	1.4585435062998935E-4
4.14	1.4583987758368236E-4
4.15	1.4577335639714048E-4
4.16	1.4565424472634205E-4
4.17	1.454822047436058E-4
4.18	1.4525695324251007E-4
4.19	1.4497808256290688E-4
4.2	1.4464550268748647E-4
4.21	1.4425897829107055E-4
4.22	1.4381856815106427E-4
4.23	1.4332420046406845E-4
4.24	1.4277590346138672E-4
4.25	1.4217394946436775E-4
4.26	1.415183836013475E-4
4.27	1.4080955615467986E-4
4.28	1.400478489969051E-4
4.29	1.3923357474094535E-4
4.3	1.3836708487701581E-4
4.31	1.374490465482489E-4
4.32	1.3648005024892814E-4
4.33	1.35460557359887E-4
4.34	1.3439134187728433E-4
4.35	1.332731508736123E-4
4.36	1.3210675358950032E-4
4.37	1.3089302599968313E-4
4.38	1.2963281468892504E-4
4.39	1.2832704568919876E-4
4.4	1.269767313122999E-4
4.41	1.2558294805991657E-4
4.42	1.2414676260700063E-4
4.43	1.2266924971396218E-4
4.44	1.211516750750921E-4
4.45	1.1959512163704185E-4
4.46	1.1800096051876356E-4
4.47	1.1637028930936486E-4
4.48	1.1470463481667106E-4
4.49	1.1300522363840758E-4
4.5	1.1127336575580623E-4
4.51	1.0951064591327339E-4
4.52	1.0771838046148218E-4
4.53	1.0589811771371959E-4
4.54	1.0405118832710955E-4
4.55	1.0217923394823348E-4
4.56	1.0028376120882904E-4
4.57	9.836630648093526E-5
4.58	9.64283945492623E-5
4.59	9.447167968863535E-5
4.6	9.249768917305272E-5
4.61	9.050795849775115E-5
4.62	8.850417573505504E-5
4.63	8.648796399188503E-5
4.64	8.446095566002239E-5
4.65	8.242469542380751E-5
4.66	8.038089067959582E-5
4.67	7.833120062345685E-5
4.68	7.627706047167147E-5
4.69	7.422028181145737E-5
4.7	7.216242143574775E-5
4.71	7.010503427298596E-5
4.72	6.804973132563232E-5
4.73	6.599822454051432E-5
4.74	6.395186602791789E-5
4.75	6.191240318404819E-5
4.76	5.988130645817414E-5
4.77	5.786008616177789E-5
4.78	5.585035520504267E-5
4.79	5.385347889245987E-5
4.8	5.187103502290688E-5
4.81	4.9904329689925956E-5
4.82	4.79549526847542E-5
4.83	4.602408268914837E-5
4.84	4.411330355672104E-5
4.85	4.222386174212928E-5
4.86	4.0357184591355906E-5
4.87	3.85142804236449E-5
4.88	3.669668875025854E-5
4.89	3.490537484597723E-5
4.9	3.314173844890292E-5
4.91	3.140696818692609E-5
4.92	2.9701758829624342E-5
4.93	2.802774521334236E-5
4.94	2.6385509536985588E-5
4.95	2.477633719424116E-5
4.96	2.3201027288045267E-5
4.97	2.1660574173893322E-5
4.98	2.0155813437722605E-5
4.99	1.8687507876946376E-5
5.0	1.725675848497803E-5
5.01	1.586403838922234E-5
5.02	1.4510172785735266E-5
5.03	1.3195730343213724E-5
5.04	1.1921325080523425E-5
5.05	1.068770940173215E-5
5.06	9.495256882307456E-6
5.07	8.344582104033537E-6
5.08	7.236145983369559E-6
5.09	6.170116481510866E-6
5.1	5.147144561564624E-6
5.11	4.167224629745793E-6
5.12	3.2310232330924307E-6
5.13	2.3383194192601136E-6
5.14	1.4896648823201962E-6
5.15	6.849809103479262E-7
5.16	0.0
5.17	0.0
5.18	0.0
5.19	0.0
5.2	0.0
5.21	0.0
5.22	0.0
5.23	0.0
5.24	0.0
5.25	0.0
5.26	0.0
5.27	0.0
5.28	0.0
5.29	0.0
5.3	0.0
5.31	0.0
5.32	0.0
5.33	0.0
5.34	0.0
5.35	0.0
5.36	0.0
5.37	0.0
5.38	0.0
5.39	0.0
5.4	0.0
5.41	0.0
5.42	0.0
5.43	0.0
5.44	0.0
5.45	0.0
5.46	0.0
5.47	0.0
5.48	0.0
5.49	0.0
5.5	0.0
5.51	0.0
5.52	0.0
5.53	0.0
5.54	5.572364705575102E-7
5.55	1.1780717146825911E-6
5.56	1.8174998072534628E-6
5.57	2.474445703592256E-6
5.58	3.1478051258663805E-6
5.59	3.836466733446102E-6
5.6	4.539331098387612E-6
5.61	5.255193149305075E-6
5.62	5.983067597343205E-6
5.63	6.721773356976153E-6
5.64	7.470122511866728E-6
5.65	8.227180162560615E-6
5.66	8.99167283265641E-6
5.67	9.762570746371758E-6
5.68	1.0538748229548672E-5
5.69	1.1319022774163882E-5
5.7	1.2102458208266642E-5
5.71	1.2887921040797074E-5
5.72	1.367424840056855E-5
5.73	1.4460513047572303E-5
5.74	1.524557847278413E-5
5.75	1.6028400062955098E-5
5.76	1.6808043749718907E-5
5.77	1.7583462813682354E-5
5.78	1.835354879911878E-5
5.79	1.9117551812672504E-5
5.8	1.9874383616928306E-5
5.81	2.062300100524061E-5
5.82	2.1362572038693117E-5
5.83	2.2092300560349142E-5
5.84	2.2811141187311783E-5
5.85	2.35182958598783E-5
5.86	2.4212933595777757E-5
5.87	2.4894280844443647E-5
5.88	2.5561403918429555E-5
5.89	2.6213700172738884E-5
5.9	2.685029616877288E-5
5.91	2.7470602558263945E-5
5.92	2.8073781895654797E-5
5.93	2.8659237646334436E-5
5.94	2.9226346308857778E-5
5.95	2.9774425975280907E-5
5.96	3.030288733836702E-5
5.97	3.081128363685777E-5
5.98	3.129899800256366E-5
5.99	3.176553673978398E-5
6.0	3.2210417020391036E-5
6.01	3.2633140038542364E-5
6.02	3.3033472778853414E-5
6.03	3.341082827935201E-5
6.04	3.376493194162545E-5
6.05	3.409546512211403E-5
6.06	3.440204696001498E-5
6.07	3.468458106274698E-5
6.08	3.49426920207135E-5
6.09	3.517614598007327E-5
6.1	3.53848272566177E-5
6.11	3.556864519731573E-5
6.12	3.572728427160832E-5
6.13	3.586078939321349E-5
6.14	3.596911709971653E-5
6.15	3.60521807317281E-5
6.16	3.610999687550502E-5
6.17	3.614255386150124E-5
6.18	3.614988452802223E-5
6.19	3.613216720107638E-5
6.2	3.6089544943519664E-5
6.21	3.602183399234488E-5
6.22	3.592955909022084E-5
6.23	3.581272467330354E-5
6.24	3.567155946095736E-5
6.25	3.550633901332905E-5
6.26	3.5317279354541535E-5
6.27	3.510468594838944E-5
6.28	3.486895565549366E-5
6.29	3.461024355372977E-5
6.3	3.432904540249982E-5
6.31	3.402568578382654E-5
6.32	3.370053236994975E-5
6.33	3.3354097535065595E-5
6.34	3.29867651192879E-5
6.35	3.259892612952045E-5
6.36	3.219127326402072E-5
6.37	3.17640234059307E-5
6.38	3.1317908146732773E-5
6.39	3.085339534968647E-5
6.4	3.037093120299322E-5
6.41	2.987127622767463E-5
6.42	2.9354801622108164E-5
6.43	2.8822270652733115E-5
6.44	2.8274189748502644E-5
6.45	2.771120313641665E-5
6.46	2.7133872297704554E-5
6.47	2.654298376249583E-5
6.48	2.5939057747818155E-5
6.49	2.532282820081307E-5
6.5	2.4694895681001407E-5
6.51	2.405599214048443E-5
6.52	2.3406756444666843E-5
6.53	2.27478585586089E-5
6.54	2.208005135318932E-5
6.55	2.1404077498195832E-5
6.56	2.0720454642848303E-5
6.57	2.0030021711948648E-5
6.58	1.9333441800195545E-5
6.59	1.8631483686541884E-5
6.6	1.7924833277529412E-5
6.61	1.721415807152313E-5
6.62	1.650012259907298E-5
6.63	1.578349973128376E-5
6.64	1.5064976957255769E-5
6.65	1.4345267924857765E-5
6.66	1.3625010016978943E-5
6.67	1.2904942867189054E-5
6.68	1.2185724839973692E-5
6.69	1.14681466927253E-5
6.7	1.0752676465946923E-5
6.71	1.00401101336354E-5
6.72	9.331058456840894E-6
6.73	8.626283621067118E-6
6.74	7.926086755086188E-6
6.75	7.231593141684822E-6
6.76	6.543014129433175E-6
6.77	5.861066240594375E-6
6.78	5.186484808619175E-6
6.79	4.519634488047108E-6
6.8	3.8613347538997285E-6
6.81	3.211808226115193E-6
6.82	2.571943165168117E-6
6.83	1.942004341824229E-6
6.84	1.3226692331144174E-6
6.85	7.142600296435886E-7
6.86	1.1759172608732618E-7
6.87	0.0
6.88	0.0
6.89	0.0
6.9	0.0
6.91	0.0
6.92	0.0
6.93	0.0
6.94	0.0
6.95	0.0
6.96	0.0
6.97	0.0
6.98	0.0
6.99	0.0
7.0	0.0
7.01	0.0
7.02	0.0
7.03	0.0
7.04	0.0
7.05	0.0
7.06	0.0
7.07	0.0
7.08	0.0
7.09	0.0
7.1	0.0
7.11	0.0
7.12	0.0
7.13	0.0
7.14	0.0
7.15	0.0
7.16	0.0
7.17	0.0
7.18	0.0
7.19	0.0
7.2	0.0
7.21	0.0
7.22	0.0
7.23	0.0
7.24	0.0
7.25	0.0
7.26	0.0
7.27	0.0
7.28	0.0
7.29	0.0
7.3	0.0
7.31	0.0
7.32	0.0
7.33	0.0
7.34	0.0
7.35	0.0
7.36	0.0
7.37	0.0
7.38	0.0
7.39	0.0
7.4	0.0
7.41	0.0
7.42	0.0
7.43	0.0
7.44	0.0
7.45	0.0
7.46	0.0
7.47	0.0
7.48	0.0
7.49	0.0
7.5	0.0
7.51	0.0
7.52	0.0
7.53	0.0
7.54	0.0
7.55	0.0
7.56	0.0
7.57	0.0
7.58	0.0
7.59	0.0
7.6	0.0
7.61	0.0
7.62	0.0
7.63	0.0
7.64	0.0
7.65	0.0
7.66	3.768077127868007E-7
7.67	7.656135336486369E-7
7.68	1.1532624298431165E-6
7.69	1.5392403421472129E-6
7.7	1.9232138942173362E-6
7.71	2.3046993536393665E-6
7.72	2.6833252657544436E-6
7.73	3.0586779040868543E-6
7.74	3.43026481926319E-6
7.75	3.7978342776122723E-6
7.76	4.160895510622212E-6
7.77	4.519102773268588E-6
7.78	4.87211415409476E-6
7.79	5.219515261256975E-6
7.8	5.561040455564929E-6
7.81	5.89632591763405E-6
7.82	6.224931790209754E-6
7.83	6.546704393650639E-6
7.84	6.861169813106143E-6
7.85	7.168187532866482E-6
7.86	7.467370856134982E-6
7.87	7.758482233227393E-6
7.88	8.041210180564193E-6
7.89	8.315352359270152E-6
7.9	8.580677924262756E-6
7.91	8.83692766089819E-6
7.92	9.083814651280803E-6
7.93	9.321279212590251E-6
7.94	9.549039182114158E-6
7.95	9.766892175726664E-6
7.96	9.974739933997879E-6
7.97	1.0172393208024973E-5
7.98	1.0359655152426574E-5
7.99	1.0536474467052443E-5
8.0	1.0702749943109878E-5
8.01	1.0858248663372711E-5
8.02	1.1003005069788271E-5
8.03	1.1136838731360738E-5
8.04	1.1259774584507343E-5
8.05	1.137165881192503E-5
8.06	1.1472542668256951E-5
8.07	1.156233831535187E-5
8.08	1.1641033681806777E-5
8.09	1.1708662974541231E-5
8.1	1.1765179177690875E-5
8.11	1.1810550212283224E-5
8.12	1.1844956270138106E-5
8.13	1.1868376137522891E-5
8.14	1.188073280709957E-5
8.15	1.188226713078585E-5
8.16	1.187299361755659E-5
8.17	1.1852968574180113E-5
8.18	1.1822307448401652E-5
8.19	1.1781132370390066E-5
8.2	1.1729537411083027E-5
8.21	1.1667670712462822E-5
8.22	1.1595663549953167E-5
8.23	1.151368046796307E-5
8.24	1.1421844319023616E-5
8.25	1.1320348455747728E-5
8.26	1.1209379880057956E-5
8.27	1.108905127389001E-5
8.28	1.0959678626904084E-5
8.29	1.0821399544225159E-5
8.3	1.0674364944113632E-5
8.31	1.0518907773376742E-5
8.32	1.0355144903948986E-5
8.33	1.018342104811124E-5
8.34	1.0003830726927942E-5
8.35	9.816707783369803E-6
8.36	9.62233177505303E-6
8.37	9.42088188867316E-6
8.38	9.212698729005422E-6
8.39	8.997968686203061E-6
8.4	8.776988914284981E-6
8.41	8.550127987454293E-6
8.42	8.317518956986728E-6
8.43	8.079478521706287E-6
8.44	7.836412080628802E-6
8.45	7.588551447374539E-6
8.46	7.336091623521526E-6
8.47	7.07943898900228E-6
8.48	6.818862347692127E-6
8.49	6.554629356530597E-6
8.5	6.287108350525464E-6
8.51	6.016496359462141E-6
8.52	5.743165225408911E-6
8.53	5.4674645114785316E-6
8.54	5.1895714322015345E-6
8.55	4.9099263409940224E-6
8.56	4.6287504558047025E-6
8.57	4.346348285778551E-6
8.58	4.062950580627239E-6
8.59	3.779072283454322E-6
8.6	3.4948103021617226E-6
8.61	3.2104995908103064E-6
8.62	2.9265495318336113E-6
8.63	2.643011664649823E-6
8.64	2.360448766863911E-6
8.65	2.0789349439357215E-6
8.66	1.798854568496503E-6
8.67	1.5204748278165336E-6
8.68	1.2439941309174648E-6
8.69	9.69753058427742E-7
8.7	6.979132129584745E-7
8.71	4.2893791775567805E-7
8.72	1.6290152691486423E-7
8.73	0.0
8.74	0.0
8.75	0.0
8.76	0.0
8.77	0.0
8.78	0.0
8.79	0.0
8.8	0.0
8.81	0.0
8.82	0.0
8.83	0.0
8.84	0.0
8.85	0.0
8.86	0.0
8.87	0.0
8.88	0.0
8.89	0.0
8.9	0.0
8.91	0.0
8.92	0.0
8.93	0.0
8.94	0.0
8.95	0.0
8.96	0.0
8.97	0.0
8.98	0.0
8.99	0.0
9.0	0.0
9.01	0.0
9.02	0.0
9.03	0.0
9.04	0.0
9.05	0.0
9.06	0.0
9.07	0.0
9.08	0.0
9.09	0.0
9.1	0.0
9.11	0.0
9.12	0.0
9.13	0.0
9.14	0.0
9.15	0.0
9.16	0.0
9.17	0.0
9.18	0.0
9.19	0.0
9.2	0.0
9.21	0.0
9.22	0.0
9.23	0.0
9.24	0.0
9.25	0.0
9.26	0.0
9.27	0.0
9.28	0.0
9.29	0.0
9.3	0.0
9.31	0.0
9.32	0.0
9.33	0.0
9.34	0.0
9.35	0.0
9.36	0.0
9.37	0.0
9.38	0.0
9.39	0.0
9.4	0.0
9.41	0.0
9.42	0.0
9.43	0.0
9.44	0.0
9.45	0.0
9.46	0.0
9.47	0.0
9.48	0.0
9.49	0.0
9.5	0.0
9.51	0.0
9.52	0.0
9.53	0.0
9.54	0.0
9.55	0.0
9.56	0.0
9.57	0.0
9.58	0.0
9.59	0.0
9.6	0.0
9.61	0.0
9.62	0.0
9.63	0.0
9.64	1.2102318098948322E-7
9.65	2.9017627771083637E-7
9.66	4.581123103745692E-7
9.67	6.244075716290255E-7
9.68	7.8902207402473E-7
9.69	9.517863458718172E-7
9.7	1.112464375540766E-6
9.71	1.2709758396504374E-6
9.72	1.427122156530808E-6
9.73	1.5807781229131212E-6
9.74	1.7317395620494418E-6
9.75	1.879902695776974E-6
9.76	2.025175649749522E-6
9.77	2.1674049277752265E-6
9.78	2.3063377409623336E-6
9.79	2.4420467275981385E-6
9.8	2.57422445367944E-6
9.81	2.702955836984549E-6
9.82	2.8279487637801364E-6
9.83	2.949228926839043E-6
9.84	3.0666215798787764E-6
9.85	3.1800239545173642E-6
9.86	3.289403742687677E-6
9.87	3.394665767777596E-6
9.88	3.4957006768146324E-6
9.89	3.5923994862913126E-6
9.9	3.6847994385051596E-6
9.91	3.7727523541602407E-6
9.92	3.856258408541397E-6
9.93	3.9352164664115134E-6
9.94	4.0095184681490405E-6
9.95	4.079231139864542E-6
9.96	4.144418528892632E-6
9.97	4.2047794883332745E-6
9.98	4.260400984863932E-6
9.99	4.311371323942126E-6
10.0	4.357537125346887E-6
10.01	4.398924522964727E-6
10.02	4.435516833126856E-6
10.03	4.4674653260148415E-6
10.04	4.4945572300049265E-6
10.05	4.5169111656802425E-6
10.06	4.534507314173932E-6
10.07	4.5473409742291904E-6
10.08	4.5555104095569434E-6
10.09	4.5591086027211365E-6
10.1	4.557978349312538E-6
10.11	4.552259804454466E-6
10.12	4.5420707579459924E-6
10.13	4.527271958932924E-6
10.14	4.508060494212462E-6
10.15	4.484497715424554E-6
10.16	4.456646553650091E-6
10.17	4.424390726236473E-6
10.18	4.388041400767568E-6
10.19	4.347539190246378E-6
10.2	4.302972585136597E-6
10.21	4.254455511359058E-6
10.22	4.202173877834734E-6
10.23	4.145962177181443E-6
10.24	4.086084417196537E-6
10.25	4.02263885441577E-6
10.26	3.955596955303919E-6
10.27	3.885255988758677E-6
10.28	3.81150711161961E-6
10.29	3.7346185736528317E-6
10.3	3.6546403421388682E-6
10.31	3.571680938715732E-6
10.32	3.4858512375595372E-6
10.33	3.397182665955053E-6
10.34	3.306070352759376E-6
10.35	3.2122887427478333E-6
10.36	3.1161588424994525E-6
10.37	3.017657997130725E-6
10.38	2.917184204765524E-6
10.39	2.8145341842028333E-6
10.4	2.710046754073446E-6
10.41	2.6037484417772277E-6
10.42	2.495735322946659E-6
10.43	2.386377154450876E-6
10.44	2.2755174357974022E-6
10.45	2.163424175651086E-6
10.46	2.050131584270992E-6
10.47	1.93591024088496E-6
10.48	1.8207661947358095E-6
10.49	1.7048861455885604E-6
10.5	1.5883465595642454E-6
10.51	1.4715137566820156E-6
10.52	1.3540324420602986E-6
10.53	1.236455878380683E-6
10.54	1.1188083741883448E-6
10.55	1.001036860561611E-6
10.56	8.83518268251879E-7
10.57	7.662657462996569E-7
10.58	6.493244695653704E-7
10.59	5.329120991952062E-7
10.6	4.171258529559789E-7
10.61	3.020884366429896E-7
10.62	1.8782946263163844E-7
10.63	7.469668295970278E-8
10.64	0.0
10.65	0.0
10.66	0.0
10.67	0.0
10.68	0.0
10.69	0.0
10.7	0.0
10.71	0.0
10.72	0.0
10.73	0.0
10.74	0.0
10.75	0.0
10.76	0.0
10.77	0.0
10.78	0.0
10.79	0.0
10.8	0.0
10.81	0.0
10.82	0.0
10.83	0.0
10.84	0.0
10.85	0.0
10.86	0.0
10.87	0.0
10.88	0.0
10.89	0.0
10.9	0.0
10.91	0.0
10.92	0.0
10.93	0.0
10.94	0.0
10.95	0.0
10.96	0.0
10.97	0.0
10.98	0.0
10.99	0.0
11.0	0.0
11.01	0.0
11.02	0.0
11.03	0.0
11.04	0.0
11.05	0.0
11.06	0.0
11.07	0.0
11.08	0.0
11.09	0.0
11.1	0.0
11.11	0.0
11.12	0.0
11.13	0.0
11.14	0.0
11.15	0.0
11.16	0.0
11.17	0.0
11.18	0.0
11.19	0.0
11.2	0.0
11.21	0.0
11.22	0.0
11.23	0.0
11.24	0.0
11.25	0.0
11.26	0.0
11.27	0.0
11.28	0.0
11.29	0.0
11.3	0.0
11.31	0.0
11.32	0.0
11.33	0.0
11.34	0.0
11.35	0.0
11.36	0.0
11.37	0.0
11.38	0.0
11.39	0.0
11.4	0.0
11.41	0.0
11.42	0.0
11.43	0.0
11.44	0.0
11.45	0.0
11.46	0.0
11.47	0.0
11.48	0.0
11.49	0.0
11.5	0.0
11.51	0.0
11.52	0.0
11.53	0.0
11.54	0.0
11.55	0.0
11.56	0.0
11.57	0.0
11.58	0.0
11.59	4.7524044129660664E-8
11.6	1.1975167362647484E-7
11.61	1.9120079082427801E-7
11.62	2.618013023973166E-7
11.63	3.3162970222374856E-7
11.64	4.005519836046376E-7
11.65	4.684682215888503E-7
11.66	5.354036129757593E-7
11.67	6.01236137805676E-7
11.68	6.657690502953155E-7
11.69	7.292576402038747E-7
11.7	7.913604309355572E-7
11.71	8.52102066507981E-7
11.72	9.11542618074684E-7
11.73	9.694382637073144E-7
11.74	1.025884409048484E-6
11.75	1.0808038552696013E-6
11.76	1.1340907712958586E-6
11.77	1.185796780166548E-6
11.78	1.2358712616958362E-6
11.79	1.2841390266479665E-6
11.8	1.3306864745722875E-6
11.81	1.3754326747925308E-6
11.82	1.4184250924389094E-6
11.83	1.4595436439305843E-6
11.84	1.4988111835027163E-6
11.85	1.536167030697576E-6
11.86	1.5715325724854017E-6
11.87	1.6050389965477395E-6
11.88	1.6365416116804758E-6
11.89	1.6660912238286047E-6
11.9	1.6935477761002185E-6
11.91	1.7190616974677801E-6
11.92	1.742561976296022E-6
11.93	1.7640109844871911E-6
11.94	1.7834723539224705E-6
11.95	1.800896681617416E-6
11.96	1.8162852999402839E-6
11.97	1.8296483353848885E-6
11.98	1.8409012818460005E-6
11.99	1.8501957802252303E-6
12.0	1.8574361966860094E-6
12.01	1.8627197555929467E-6
12.02	1.8659082429288504E-6
12.03	1.8672614803876708E-6
12.04	1.8664996093352046E-6
12.05	1.86387234504675E-6
12.06	1.859252141654401E-6
12.07	1.8527894285118671E-6
12.08	1.844437043919449E-6
12.09	1.8341477925258013E-6
12.1	1.8221341612629468E-6
12.11	1.8082151613915568E-6
12.12	1.7925970464971616E-6
12.13	1.7751615161879127E-6
12.14	1.7560587636608403E-6
12.15	1.735230266405766E-6
12.16	1.7128209844484803E-6
12.17	1.6888151318298597E-6
12.18	1.6632319600324925E-6
12.19	1.6361479537941733E-6
12.2	1.60759868555356E-6
12.21	1.5775460081626686E-6
12.22	1.54617742031528E-6
12.23	1.5134420519726977E-6
12.24	1.4794103461958143E-6
12.25	1.44409187077972E-6
12.26	1.40759257515651E-6
12.27	1.3700376181616288E-6
12.28	1.3312334448467403E-6
12.29	1.2913656490998388E-6
12.3	1.2506049372409416E-6
12.31	1.2088439963765279E-6
12.32	1.166219302004256E-6
12.33	1.1227087930604763E-6
12.34	1.0783638662967609E-6
12.35	1.033368356999663E-6
12.36	9.877606961945707E-7
12.37	9.414341405744096E-7
12.38	8.945453764246672E-7
12.39	8.471007182699562E-7
12.4	7.992809196239376E-7
12.41	7.509571577333511E-7
12.42	7.023133382920784E-7
12.43	6.534133392668558E-7
12.44	6.042797789270859E-7
12.45	5.54904193356547E-7
12.46	5.054840830574594E-7
12.47	4.5586880458226376E-7
12.48	4.063159037477496E-7
12.49	3.567026738349201E-7
12.5	3.0729018717989814E-7
12.51	2.579305547020828E-7
12.52	2.0878423946475344E-7
12.53	1.597235538864366E-7
12.54	1.1115016319683456E-7
12.55	6.276318569064901E-8
12.56	1.4888446391602686E-8
12.57	0.0
12.58	0.0
12.59	0.0
12.6	0.0
12.61	0.0
12.62	0.0
12.63	0.0
12.64	0.0
12.65	0.0
12.66	0.0
12.67	0.0
12.68	0.0
12.69	0.0
12.7	0.0
12.71	0.0
12.72	0.0
12.73	0.0
12.74	0.0
12.75	0.0
12.76	0.0
12.77	0.0
12.78	0.0
12.79	0.0
12.8	0.0
12.81	0.0
12.82	0.0
12.83	0.0
12.84	0.0
12.85	0.0
12.86	0.0
12.87	0.0
12.88	0.0
12.89	0.0
12.9	0.0
12.91	0.0
12.92	0.0
12.93	0.0
12.94	0.0
12.95	0.0
12.96	0.0
12.97	0.0
12.98	0.0
12.99	0.0
13.0	0.0
13.01	0.0
13.02	0.0
13.03	0.0
13.04	0.0
13.05	0.0
13.06	0.0
13.07	0.0
13.08	0.0
13.09	0.0
13.1	0.0
13.11	0.0
13.12	0.0
13.13	0.0
13.14	0.0
13.15	0.0
13.16	0.0
13.17	0.0
13.18	0.0
13.19	0.0
13.2	0.0
13.21	0.0
13.22	0.0
13.23	0.0
13.24	0.0
13.25	0.0
13.26	0.0
13.27	0.0
13.28	0.0
13.29	0.0
13.3	0.0
13.31	0.0
13.32	0.0
13.33	0.0
13.34	0.0
13.35	0.0
13.36	0.0
13.37	0.0
13.38	0.0
13.39	0.0
13.4	0.0
13.41	0.0
13.42	0.0
13.43	0.0
13.44	0.0
13.45	0.0
13.46	0.0
13.47	0.0
13.48	0.0
13.49	0.0
13.5	0.0
13.51	0.0
13.52	0.0
13.53	2.104519844001854E-8
13.54	5.1796820091270056E-8
13.55	8.20977613428363E-8
13.56	1.121634432084365E-7
13.57	1.418280816015705E-7
13.58	1.7109679083417178E-7
13.59	1.9985155989545012E-7
13.6	2.2817798416251938E-7
13.61	2.560378888931483E-7
13.62	2.8347320312262915E-7
13.63	3.1021936563897286E-7
13.64	3.3644983585809955E-7
13.65	3.62149921800474E-7
13.66	3.8722617434299863E-7
13.67	4.116730318870231E-7
13.68	4.354537341756647E-7
13.69	4.5856045765954137E-7
13.7	4.809566694981701E-7
13.71	5.027306888830051E-7
13.72	5.237345315924819E-7
13.73	5.439664601606091E-7
13.74	5.634968834534422E-7
13.75	5.822354099426162E-7
13.76	6.001690596393425E-7
13.77	6.173893529603766E-7
13.78	6.33720905182629E-7
13.79	6.492736166729745E-7
13.8	6.639974713071023E-7
13.81	6.779212599013263E-7
13.82	6.909373576197781E-7
13.83	7.032007498657898E-7
13.84	7.145340206306052E-7
13.85	7.249512164698681E-7
13.86	7.34559207070415E-7
13.87	7.433293874982823E-7
13.88	7.512409921284708E-7
13.89	7.583078251613852E-7
13.9	7.644098660595475E-7
13.91	7.697378891370493E-7
13.92	7.741343020730233E-7
13.93	7.777144754437992E-7
13.94	7.803368126059588E-7
13.95	7.822394804948236E-7
13.96	7.832000585307168E-7
13.97	7.833557996256819E-7
13.98	7.827474713325346E-7
13.99	7.8115680137459E-7
14.0	7.78891175697086E-7
14.01	7.7577215426302E-7
14.02	7.717692431453273E-7
14.03	7.670609348498363E-7
14.04	7.615478125422646E-7
14.05	7.553791674677113E-7
14.06	7.483189553561858E-7
14.07	7.405581724363767E-7
14.08	7.321346605228042E-7
14.09	7.229194427265064E-7
14.1	7.131259118613515E-7
14.11	7.025937724057511E-7
14.12	6.913709835697798E-7
14.13	6.795830263268213E-7
14.14	6.671387463363563E-7
14.15	6.54132186542502E-7
14.16	6.404633867835906E-7
14.17	6.263455981830472E-7
14.18	6.11556845760979E-7
14.19	5.962792239560348E-7
14.2	5.805465745875008E-7
14.21	5.643218415448809E-7
14.22	5.476090551614022E-7
14.23	5.304996609937486E-7
14.24	5.129549857602737E-7
14.25	4.950355809035411E-7
14.26	4.7676126985047453E-7
14.27	4.5812099933221834E-7
14.28	4.3916369744586654E-7
14.29	4.198765984341851E-7
14.3	4.0031517745369885E-7
14.31	3.805267272262088E-7
14.32	3.6049168740212577E-7
14.33	3.4034499724949394E-7
14.34	3.1986442240046035E-7
14.35	2.9934220464194444E-7
14.36	2.785475052711916E-7
14.37	2.578165842338368E-7
14.38	2.3691104362743735E-7
14.39	2.1585682799349464E-7
14.4	1.9490702050973551E-7
14.41	1.7383734687217633E-7
14.42	1.5283508435435117E-7
14.43	1.3177332905426035E-7
14.44	1.1074959146566798E-7
14.45	8.987851441692668E-8
14.46	6.904298701557445E-8
14.47	4.839289421408657E-8
14.48	2.790826128138164E-8
14.49	7.471788565655062E-9
14.5	0.0
14.51	0.0
14.52	0.0
14.53	0.0
14.54	0.0
14.55	0.0
14.56	0.0
14.57	0.0
14.58	0.0
14.59	0.0
14.6	0.0
14.61	0.0
14.62	0.0
14.63	0.0
14.64	0.0
14.65	0.0
14.66	0.0
14.67	0.0
14.68	0.0
14.69	0.0
14.7	0.0
14.71	0.0
14.72	0.0
14.73	0.0
14.74	0.0
14.75	0.0
14.76	0.0
14.77	0.0
14.78	0.0
14.79	0.0
14.8	0.0
14.81	0.0
14.82	0.0
14.83	0.0
14.84	0.0
14.85	0.0
14.86	0.0
14.87	0.0
14.88	0.0
14.89	0.0
14.9	0.0
14.91	0.0
14.92	0.0
14.93	0.0
14.94	0.0
14.95	0.0
14.96	0.0
14.97	0.0
14.98	0.0
14.99	0.0
15.0	0.0
15.01	0.0
15.02	0.0
15.03	0.0
15.04	0.0
15.05	0.0
15.06	0.0
15.07	0.0
15.08	0.0
15.09	0.0
15.1	0.0
15.11	0.0
15.12	0.0
15.13	0.0
15.14	0.0
15.15	0.0
15.16	0.0
15.17	0.0
15.18	0.0
15.19	0.0
15.2	0.0
15.21	0.0
15.22	0.0
15.23	0.0
15.24	0.0
15.25	0.0
15.26	0.0
15.27	0.0
15.28	0.0
15.29	0.0
15.3	0.0
15.31	0.0
15.32	0.0
15.33	0.0
15.34	0.0
15.35	0.0
15.36	0.0
15.37	0.0
15.38	0.0
15.39	0.0
15.4	0.0
15.41	0.0
15.42	0.0
15.43	0.0
15.44	0.0
15.45	0.0
15.46	5.681776039608954E-9
15.47	1.8822177953122542E-8
15.48	3.1856298501336785E-8
15.49	4.466869528316029E-8
15.5	5.738186399526966E-8
15.51	6.99172848153877E-8
15.52	8.217874480800704E-8
15.53	9.438859749589121E-8
15.54	1.0620857159546472E-7
15.55	1.180509104375013E-7
15.56	1.2943441976291668E-7
15.57	1.4068260555087048E-7
15.58	1.5172598800262152E-7
15.59	1.624123590724227E-7
15.6	1.728947423030815E-7
15.61	1.830823394185147E-7
15.62	1.9298519561430342E-7
15.63	2.025833487201531E-7
15.64	2.1187342481842074E-7
15.65	2.2089624149808824E-7
15.66	2.295251646972891E-7
15.67	2.3792604610568866E-7
15.68	2.4596355630170895E-7
15.69	2.536587581753188E-7
15.7	2.609572033292381E-7
15.71	2.67958369588588E-7
15.72	2.745934136428907E-7
15.73	2.8090937343131764E-7
15.74	2.86827986303224E-7
15.75	2.923954525577329E-7
15.76	2.9761473671727513E-7
15.77	3.02472945623197E-7
15.78	3.068924562058405E-7
15.79	3.1102990787278135E-7
15.8	3.1476535387887777E-7
15.81	3.1807855116611395E-7
15.82	3.211483497833396E-7
15.83	3.2372337634352285E-7
15.84	3.259528631796393E-7
15.85	3.278398585737316E-7
15.86	3.293074932363058E-7
15.87	3.304255279903559E-7
15.88	3.311857632212639E-7
15.89	3.3158452950318815E-7
15.9	3.31593832831768E-7
15.91	3.3127986913671693E-7
15.92	3.3055058821098936E-7
15.93	3.2952031096735606E-7
15.94	3.2818798432106E-7
15.95	3.264660117500678E-7
15.96	3.244117114914058E-7
15.97	3.2194712552294755E-7
15.98	3.193101188046234E-7
15.99	3.1615618156488533E-7
16.0	3.1282709707442146E-7
16.01	3.091605646807796E-7
16.02	3.0516980556129846E-7
16.03	3.008640321979648E-7
16.04	2.9633727184189306E-7
16.05	2.915025572213989E-7
16.06	2.863820589833065E-7
16.07	2.810068091151707E-7
16.08	2.7538883006115707E-7
16.09	2.694359240772807E-7
16.1	2.633826592688299E-7
16.11	2.569988093504429E-7
16.12	2.503656937236069E-7
16.13	2.436068209402887E-7
16.14	2.3654764067976435E-7
16.15	2.293862355542482E-7
16.16	2.2203995116821114E-7
16.17	2.1445664905262147E-7
16.18	2.0670657521064888E-7
16.19	1.9884836867440058E-7
16.2	1.9078725467539847E-7
16.21	1.8258896725055884E-7
16.22	1.7434488187405969E-7
16.23	1.6593408509608946E-7
16.24	1.5736713542233523E-7
16.25	1.4879304560353324E-7
16.26	1.4007381718705313E-7
16.27	1.312914708789972E-7
16.28	1.2244676067490324E-7
16.29	1.1356534365869636E-7
16.3	1.0462446274780738E-7
16.31	9.562770696999295E-8
16.32	8.659994204627976E-8
16.33	7.761573473898819E-8
16.34	6.858712495975846E-8
16.35	5.950729019512685E-8
16.36	5.048137460137695E-8
16.37	4.1638545820301564E-8
16.38	3.257007959786192E-8
16.39	2.3714628976887153E-8
16.4	1.4959471300938822E-8
16.41	6.070808810002952E-9
16.42	0.0
16.43	0.0
16.44	0.0
16.45	0.0
16.46	0.0
16.47	0.0
16.48	0.0
16.49	0.0
16.5	0.0
16.51	0.0
16.52	0.0
16.53	0.0
16.54	0.0
16.55	0.0
16.56	0.0
16.57	0.0
16.58	0.0
16.59	0.0
16.6	0.0
16.61	0.0
16.62	0.0
16.63	0.0
16.64	0.0
16.65	0.0
16.66	0.0
16.67	0.0
16.68	0.0
16.69	0.0
16.7	0.0
16.71	0.0
16.72	0.0
16.73	0.0
16.74	0.0
16.75	0.0
16.76	0.0
16.77	0.0
16.78	0.0
16.79	0.0
16.8	0.0
16.81	0.0
16.82	0.0
16.83	0.0
16.84	0.0
16.85	0.0
16.86	0.0
16.87	0.0
16.88	0.0
16.89	0.0
16.9	0.0
16.91	0.0
16.92	0.0
16.93	0.0
16.94	0.0
16.95	0.0
16.96	0.0
16.97	0.0
16.98	0.0
16.99	0.0
17.0	0.0
17.01	0.0
17.02	0.0
17.03	0.0
17.04	0.0
17.05	0.0
17.06	0.0
17.07	0.0
17.08	0.0
17.09	0.0
17.1	0.0
17.11	0.0
17.12	0.0
17.13	0.0
17.14	0.0
17.15	0.0
17.16	0.0
17.17	0.0
17.18	0.0
17.19	0.0
17.2	0.0
17.21	0.0
17.22	0.0
17.23	0.0
17.24	0.0
17.25	0.0
17.26	0.0
17.27	0.0
17.28	0.0
17.29	0.0
17.3	0.0
17.31	0.0
17.32	0.0
17.33	0.0
17.34	0.0
17.35	0.0
17.36	0.0
17.37	2.948205041186404E-9
17.38	8.680287294111077E-9
17.39	1.4335581239709583E-8
17.4	1.9972902945975866E-8
17.41	2.553122975738393E-8
17.42	3.097809202712974E-8
17.43	3.631869956717318E-8
17.44	4.166559104698194E-8
17.45	4.678788703593627E-8
17.46	5.191110758547301E-8
17.47	5.695130432680387E-8
17.48	6.17709478484049E-8
17.49	6.664279233689418E-8
17.5	7.129732602090584E-8
17.51	7.584419847812092E-8
17.52	8.024357971607332E-8
17.53	8.44850847412373E-8
17.54	8.868583189046508E-8
17.55	9.266717000462962E-8
17.56	9.649142966452099E-8
17.57	1.0030706536395035E-7
17.58	1.0385448198995792E-7
17.59	1.073132281808903E-7
17.6	1.105232899085308E-7
17.61	1.1370760659252419E-7
17.62	1.1664340992146164E-7
17.63	1.1944161908918162E-7
17.64	1.2209502325477702E-7
17.65	1.2458086537137033E-7
17.66	1.2686022706396953E-7
17.67	1.2902434166984837E-7
17.68	1.3105483065043633E-7
17.69	1.3277936840433373E-7
17.7	1.3443706793753832E-7
17.71	1.35865614966405E-7
17.72	1.3719189330737686E-7
17.73	1.3833795535125533E-7
17.74	1.3931865414856515E-7
17.75	1.4010436679380023E-7
17.76	1.4068122076452706E-7
17.77	1.41133665877828E-7
17.78	1.4146385902611068E-7
17.79	1.4154851429344655E-7
17.8	1.4152946961402356E-7
17.81	1.4127737817342618E-7
17.82	1.4091447638553948E-7
17.83	1.403549670694273E-7
17.84	1.3968153843863216E-7
17.85	1.388275784654017E-7
17.86	1.3781775499452532E-7
17.87	1.3657995234061882E-7
17.88	1.353094692549689E-7
17.89	1.3383530995409295E-7
17.9	1.3220890404917014E-7
17.91	1.3047066001683196E-7
17.92	1.286140918505462E-7
17.93	1.2653076719155037E-7
17.94	1.24400008474091E-7
17.95	1.220785935979364E-7
17.96	1.196623529016255E-7
17.97	1.1714814922245786E-7
17.98	1.145016673755233E-7
17.99	1.1171578306414289E-7
18.0	1.0888207568001772E-7
18.01	1.0584115728366267E-7
18.02	1.0275524702456587E-7
18.03	9.961249702532721E-8
18.04	9.62859628172211E-8
18.05	9.291783312487191E-8
18.06	8.954258107789001E-8
18.07	8.599460133242225E-8
18.08	8.240292753285313E-8
18.09	7.871642201524287E-8
18.1	7.497122308847283E-8
18.11	7.119189779100617E-8
18.12	6.731055289955929E-8
18.13	6.342231106165415E-8
18.14	5.949514494215855E-8
18.15	5.555682214643784E-8
18.16	5.154195723972631E-8
18.17	4.748828685355731E-8
18.18	4.344762795768422E-8
18.19	3.9377652000352166E-8
18.2	3.5239577836384046E-8
18.21	3.120777902116213E-8
18.22	2.7048800740986317E-8
18.23	2.2976730509273346E-8
18.24	1.8827184698990245E-8
18.25	1.4758653587568538E-8
18.26	1.067692552942169E-8
18.27	6.652830078234692E-9
18.28	2.5952573919460335E-9
18.29	0.0
18.3	0.0
18.31	0.0
18.32	0.0
18.33	0.0
18.34	0.0
18.35	0.0
18.36	0.0
18.37	0.0
18.38	0.0
18.39	0.0
18.4	0.0
18.41	0.0
18.42	0.0
18.43	0.0
18.44	0.0
18.45	0.0
18.46	0.0
18.47	0.0
18.48	0.0
18.49	0.0
18.5	0.0
18.51	0.0
18.52	0.0
18.53	0.0
18.54	0.0
18.55	0.0
18.56	0.0
18.57	0.0
18.58	0.0
18.59	0.0
18.6	0.0
18.61	0.0
18.62	0.0
18.63	0.0
18.64	0.0
18.65	0.0
18.66	0.0
18.67	0.0
18.68	0.0
18.69	0.0
18.7	0.0
18.71	0.0
18.72	0.0
18.73	0.0
18.74	0.0
18.75	0.0
18.76	0.0
18.77	0.0
18.78	0.0
18.79	0.0
18.8	0.0
18.81	0.0
18.82	0.0
18.83	0.0
18.84	0.0
18.85	0.0
18.86	0.0
18.87	0.0
18.88	0.0
18.89	0.0
18.9	0.0
18.91	0.0
18.92	0.0
18.93	0.0
18.94	0.0
18.95	0.0
18.96	0.0
18.97	0.0
18.98	0.0
18.99	0.0
19.0	0.0
19.01	0.0
19.02	0.0
19.03	0.0
19.04	0.0
19.05	0.0
19.06	0.0
19.07	0.0
19.08	0.0
19.09	0.0
19.1	0.0
19.11	0.0
19.12	0.0
19.13	0.0
19.14	1.2240204417240741E-9
19.15	4.278584538966091E-9
19.16	7.343870520438051E-9
19.17	1.0332406814631694E-8
19.18	1.3356913266792218E-8
19.19	1.6259529186517247E-8
19.2	1.9175663069372578E-8
19.21	2.200096550103234E-8
19.22	2.4858436423724103E-8
19.23	2.757413738685587E-8
19.24	3.026684261308673E-8
19.25	3.286197979306347E-8
19.26	3.541877918413075E-8
19.27	3.7883857534755273E-8
19.28	4.034700082340304E-8
19.29	4.263551856213863E-8
19.3	4.489074912851469E-8
19.31	4.6977374973604456E-8
19.32	4.901021178786185E-8
19.33	5.0937963342343136E-8
19.34	5.2875484081829653E-8
19.35	5.4615923643258594E-8
19.36	5.6226847632463916E-8
19.37	5.77559674265451E-8
19.38	5.917153162724668E-8
19.39	6.045022833196298E-8
19.4	6.166423005333821E-8
19.41	6.27326473296313E-8
19.42	6.369370117333505E-8
19.43	6.44973948574331E-8
19.44	6.516768060719486E-8
19.45	6.575355534638758E-8
19.46	6.618168764720942E-8
19.47	6.642320053807924E-8
19.48	6.659696715902899E-8
19.49	6.659349699885808E-8
19.5	6.648794539511036E-8
19.51	6.619628524211195E-8
19.52	6.5843817482608E-8
19.53	6.527077505937389E-8
19.54	6.455982769724474E-8
19.55	6.37361523466759E-8
19.56	6.279694408559403E-8
19.57	6.168056594072246E-8
19.58	6.042174146620966E-8
19.59	5.900942829665967E-8
19.6	5.745792463019838E-8
19.61	5.574908289235777E-8
19.62	5.396504218428719E-8
19.63	5.19893561592855E-8
19.64	4.987834753703692E-8
19.65	4.7559000355944085E-8
19.66	4.522503011717421E-8
19.67	4.2677073426024405E-8
19.68	4.007000258772621E-8
19.69	3.731155304769998E-8
19.7	3.4427751635211744E-8
19.71	3.133330391081586E-8
19.72	2.8194715952264476E-8
19.73	2.493195560672141E-8
19.74	2.1567805879662416E-8
19.75	1.803283049332178E-8
19.76	1.4451838274574398E-8
19.77	1.0735873072989964E-8
19.78	6.931699122771668E-9
19.79	3.0119875068329818E-9
19.8	0.0
19.81	0.0
19.82	0.0
19.83	0.0
19.84	0.0
19.85	0.0
19.86	0.0
19.87	0.0
19.88	0.0
19.89	0.0
19.9	0.0
19.91	0.0
19.92	0.0
19.93	0.0
19.94	0.0
19.95	0.0
19.96	0.0
19.97	0.0
19.98	0.0
19.99	0.0
20.0	0.0
